[general]
creator = dcby13

[jetway_rootfloor_heights]
bkpr_jetwayadvert2 = 5.20

[none 202]
nopassengerstairs = 0
nopassengerbus = 1
nopassengerbus_deboarding = 1
ignoreicaoprefixes = 0
ignorepreferredexit = 0
snapleftpushbackpos = 0
snaprightpushbackpos = 0
undergroundrefueling = 0
dontcreatejetways = 0
disablepaxbarriers = 0
disablepaxbarriers_deboarding = 0
parkingsystem = SafeDock3Screen
hasjetway = 1
pushback = 0
pushbacktype = 1
pushbackaddpos = [{'label': 'Facing S on Apron (NL)', 'pos': (42.57616313803627, 21.032110812044476, 175.9952539062498), 'snap': False, 'approach': [(42.57493407947171, 21.03157311272079, -94.48474600669395), (42.575460276102234, 21.032182313200035, 175.75525390624978), None, None, None, None, None, None, None, None, None, None, None, None, None, None, None, None, None, None, None], 'wws': 0, 'startEngines': 44.0}, {'label': 'Facing N on Apron (NR)', 'pos': (42.574560933063644, 21.032276655761063, -4.4847460937501085), 'snap': False, 'approach': [(42.57493429066941, 21.031576755746777, -94.48474613138589), None, None, None, None, None, None, None, None, None, None, None, None, None, None, None, None, None, None, None, None], 'wws': 0, 'startEngines': 44.0}]
pushbacklabels = Nose Right/Tail Left (LEFT)|Nose Left/Tail Right (RIGHT)
wingwalkersleftpushback = 0
wingwalkersrightpushback = 0
wingwalkersquickpushback = 0
startenginesleftpushback = 0.0
startenginesrightpushback = 0.0
startenginesquickpushback = 0.0
maxwingspan = 62.99999999999999
radiusleft = 27.999999999999996
radiusright = 22.4
gatedistancethreshold = 25.0
loadertype = 3 3 2
airlinecodes = 
type = 10
handlingtexture = 
cateringtexture = 
passengerpaththickness = 2.5
passengerpaththickness_deboarding = 2.5
walkertype = GsxJetwayPassenger
walkerpaththickness = 2.5
walkerloopstart = 0
usercustomized = 1
this_parking_pos = 42.574922736924 21.031376216126 -94.4847460937501
pushback_pos = 42.5748671229767 21.0308377973352 70.5152539062499
baggage_loader_front_pos = 42.5751305458534 21.0307854129233 135.51525390625
baggage_loader_rear_pos = 42.5751723360593 21.0308267076755 135.51525390625
baggage_train_front_pos = 42.5749965739812 21.0308181014293 85.5152539062499
baggage_train_rear_pos = 42.5750986976351 21.0306887527843 85.5152539062499
parkingsystem_objectposition = 42.5748860470483 21.0306865573134 85.5152539062499 0.172
parkingsystem_stopposition = 42.5748945345053 21.0308882272232 -94.4847460937501

