[general]
creator = dcby13

[jetway_rootfloor_heights]
daag_jetway2 = 4.3

[gate w 16]
nopassengerstairs = 0
nopassengerbus = 1
nopassengerbus_deboarding = 1
ignoreicaoprefixes = 0
ignorepreferredexit = 0
snapleftpushbackpos = 0
snaprightpushbackpos = 0
undergroundrefueling = 1
dontcreatejetways = 0
disablepaxbarriers = 0
disablepaxbarriers_deboarding = 0
parkingsystem = Marshaller
hasjetway = 1
pushback = 0
pushbacktype = 1
pushbackaddpos = [{'wws': 0, 'snap': False, 'startEngines': 36.0, 'approach': [(36.69716592418654, 3.2030689803004715, -88.18350557918177), (36.697506068891364, 3.2035646356487106, 170.65624389648457), None, None, None, None, None, None, None], 'pos': (36.6974765841, 3.2035705659, 170.656243896), 'label': u'Nose Left - Facing S on Taxi J13'}]
pushbacklabels = Nose Right/Tail Left (LEFT)|Nose Left/Tail Right (RIGHT)
wingwalkersleftpushback = 0
wingwalkersrightpushback = 0
wingwalkersquickpushback = 0
startenginesleftpushback = 0.0
startenginesrightpushback = 0.0
startenginesquickpushback = 0.0
maxwingspan = 38.0
radiusleft = 19.0
radiusright = 15.2
gatedistancethreshold = 25.0
loadertype = 3 3 2
airlinecodes = 
type = 9
passengerpaththickness = 2.5
passengerpaththickness_deboarding = 2.5
walkertype = GsxJetwayPassenger
walkerpaththickness = 2.5
walkerloopstart = 0
this_parking_pos = 36.6971723735869 3.20281505389524 -88.1837561035158
usercustomized = 1
handlingtexture = 
cateringtexture = 
pushback_pos = 36.6971357945179 3.20253918519684 91.8162438964842
baggage_loader_front_pos = 36.6974432876456 3.20265989766403 91.8162438964842
baggage_loader_rear_pos = 36.6974732509013 3.20272567780477 91.8162438964842
baggage_train_front_pos = 36.6972823609247 3.202565204457 61.8162438964842
baggage_train_rear_pos = 36.6973537457213 3.20273153589305 61.8162438964842
parkingsystem_stopposition = 36.6971764366558 3.2026550882595 -88.1837561035158

