[general]
creator = dcby13

[none 64]
nopassengerstairs = 0
nopassengerbus = 1
nopassengerbus_deboarding = 1
ignoreicaoprefixes = 0
ignorepreferredexit = 0
snapleftpushbackpos = 0
snaprightpushbackpos = 0
undergroundrefueling = 0
dontcreatejetways = 0
disablepaxbarriers = 1
disablepaxbarriers_deboarding = 0
parkingsystem = Marshaller
hasjetway = 0
pushback = 0
pushbacktype = 1
pushbackaddpos = [{'snap': False, 'approach': [(50.468679807557486, 4.471820125280186, -24.49981518908171), (50.468115297087465, 4.4716562899204035, 65.50000000000001), None, None, None, None, None, None, None], 'pos': (50.468127552, 4.47169800171, 65.5), 'label': u'Nose Right - Facing NE on Taxi G'}]
pushbacklabels = Nose Right/Tail Left (LEFT)|Nose Left/Tail Right (RIGHT)
maxwingspan = 36.0
radiusleft = 18.0
radiusright = 14.4
gatedistancethreshold = 25.0
loadertype = 3 3 2
airlinecodes = 
type = 8
handlingtexture = 
cateringtexture = 
passengerpaththickness = 2.0
passengerpaththickness_deboarding = 2.5
walkertype = GsxJetwayPassenger
walkerpaththickness = 2.5
walkerloopstart = 0
usercustomized = 1
pushback_pos = 50.4690664359393 4.47149603344316 155.5
this_parking_pos = 50.4688789511253 4.47167745993162 -24.5
parkingsystem_objectposition = 50.4691676618323 4.47147064285966 155.5 0
baggage_loader_front_pos = 50.4690231366309 4.47176175026906 -99.5000000000001
baggage_loader_rear_pos = 50.469010865733 4.47187489162913 155.5
baggage_train_front_pos = 50.4690592533219 4.47168121711254 155.5
baggage_train_rear_pos = 50.469058119871 4.47177242373073 155.5
stairs_front_pos = 50.4689601601697 4.47138264465467 155.5
stairs_rear_pos = 50.4689433118354 4.47132811576913 155.5
passengerentergatepos = (50.46929346764098, 4.471208053699293, 0.0)
passengerwaypoints = [(50.46903133183765, 4.471450527268952, 0.0), (50.46908934064538, 4.471408620831513, 0.0), (50.469126993473196, 4.471408626152306, 0.0), (50.469246749993864, 4.471301809028046, 0.0)]

