[general]
creator = dcby13

[parking 26e]
nopassengerstairs = 0
nopassengerbus = 0
nopassengerbus_deboarding = 0
ignoreicaoprefixes = 0
ignorepreferredexit = 0
snapleftpushbackpos = 0
snaprightpushbackpos = 0
undergroundrefueling = 0
dontcreatejetways = 0
disablepaxbarriers = 0
disablepaxbarriers_deboarding = 0
parkingsystem = Marshaller
hasjetway = 0
pushback = 0
pushbacktype = 1
pushbackaddpos = [{'wws': 0, 'snap': False, 'startEngines': 54.0, 'approach': [(50.635651241107155, 5.446035434404134, 135.218740880353), None, None, None, None, None, None, None, None], 'pos': (50.6357344375, 5.44509317064, 45.2187414551), 'label': u'Facing NE on Taxi A2 (NL)'}, {'wws': 0, 'snap': False, 'startEngines': 54.0, 'approach': [(50.63565173389721, 5.446036215203, -224.781257970197), None, None, None, None, None, None, None, None], 'pos': (50.6362516062, 5.44591259618, -134.781258545), 'label': u'Facing SW on Taxi A2 (NR)'}]
pushbacklabels = Nose Right/Tail Left (LEFT)|Nose Left/Tail Right (RIGHT)
wingwalkersleftpushback = 0
wingwalkersrightpushback = 0
wingwalkersquickpushback = 0
startenginesleftpushback = 0.0
startenginesrightpushback = 0.0
startenginesquickpushback = 0.0
maxwingspan = 63.0
radiusleft = 22.0
radiusright = 17.6
gatedistancethreshold = 25.0
loadertype = 3 3 2
airlinecodes = 
type = 5
handlingtexture = 
cateringtexture = 
passengerpaththickness = 2.5
passengerpaththickness_deboarding = 2.5
walkertype = GsxJetwayPassenger
walkerpaththickness = 2.5
walkerloopstart = 0
usercustomized = 1
this_parking_pos = 50.6353447678118 5.44651444024264 135.218741455078
pushback_pos = 50.6352260861388 5.44669963558075 -44.7812585449221
baggage_loader_front_pos = 50.6350554627577 5.44633859070531 45.218741455078
baggage_loader_rear_pos = 50.6350995975841 5.44612079065074 0.218741455077959
baggage_loader_main_pos = 50.6356289201053 5.44693393751908 -89.7812585449221
baggage_train_front_pos = 50.6350234165037 5.44645729941662 45.218741455078
baggage_train_rear_pos = 50.6350386215738 5.44641572723202 45.218741455078
baggage_train_main_pos = 50.6355565713243 5.44698447743343 -44.7812585449221
stairs_front_pos = 50.6353255346453 5.44707268062001 -89.7812585449221
parkingsystem_objectposition = 50.6350733368896 5.44693985642024 -44.7812585449221 0
parkingsystem_stopposition = 50.6352318959575 5.44669129655038 135.218741455078

