[general]
creator = dcby13

[jetway_rootfloor_heights]
eddb_jetway_ber_southpier = 4.50

[gate c 5]
nopassengerstairs = 0
nopassengerbus = 1
nopassengerbus_deboarding = 1
ignoreicaoprefixes = 0
ignorepreferredexit = 0
snapleftpushbackpos = 0
snaprightpushbackpos = 0
undergroundrefueling = 1
dontcreatejetways = 0
disablepaxbarriers = 0
disablepaxbarriers_deboarding = 0
parkingsystem = SafeDockTS24Screen
hasjetway = 1
pushback = 0
pushbacktype = 2
pushbackaddpos = [{'wws': 0, 'startEngines': 51.0, 'pos': (52.3601594737, 13.5123863463, -111.280012207), 'label': u'Nose Left - Facing W on Taxi E', 'snap': False, 'approach': [(52.36055629962978, 13.511331902105509, -20.809841838670696), None, None, None, None, None, None, None, None]}, {'wws': 0, 'startEngines': 51.0, 'pos': (52.3598223384, 13.5109780211, 68.479987793), 'label': u'Nose Right - Facing E on Taxi E', 'snap': False, 'approach': [(52.36055611206148, 13.511331095573755, -380.7901825753919), None, None, None, None, None, None, None, None]}]
pushbacklabels = Nose Right/Tail Left (LEFT)|Nose Left/Tail Right (RIGHT)
wingwalkersleftpushback = 0
wingwalkersrightpushback = 0
wingwalkersquickpushback = 0
startenginesleftpushback = 0.0
startenginesrightpushback = 0.0
startenginesquickpushback = 0.0
maxwingspan = 43.0
radiusleft = 21.5
radiusright = 17.2
gatedistancethreshold = 25.0
loadertype = 3 3 2
airlinecodes = 
type = 9
handlingtexture = 
cateringtexture = 
passengerpaththickness = 2.5
passengerpaththickness_deboarding = 2.5
walkertype = GsxJetwayPassenger
walkerpaththickness = 2.5
walkerloopstart = 0
usercustomized = 1
this_parking_pos = 52.3607799436655 13.5111926765797 -20.8000122070313
pushback_pos = 52.361060460604 13.5110182322738 159.199987792969
baggage_loader_front_pos = 52.3610145664373 13.5112332214421 156.799987792969
baggage_loader_rear_pos = 52.3609514215149 13.511510376751 -150.800012207031
baggage_train_front_pos = 52.3610047360467 13.5111580919335 159.199987792969
baggage_train_rear_pos = 52.3610082583967 13.511193905634 159.199987792969
parkingsystem_objectposition = 52.3611590523346 13.51113866939 -173.150012207033 2.196
parkingsystem_stopposition = 52.3608892349799 13.5111246833253 -20.8000122070313

