[general]
creator = dcby13

[gate b 10]
nopassengerstairs = 0
nopassengerbus = 0
nopassengerbus_deboarding = 0
ignoreicaoprefixes = 0
ignorepreferredexit = 0
snapleftpushbackpos = 0
snaprightpushbackpos = 0
undergroundrefueling = 0
dontcreatejetways = 0
disablepaxbarriers = 0
disablepaxbarriers_deboarding = 0
parkingsystem = Marshaller
hasjetway = 0
pushback = 0
pushbacktype = 2
pushbackaddpos = [{'label': 'Facing S on Taxi B (NL)', 'pos': (50.877843960115314, 7.125589569353446, -162.02882089843783), 'snap': False, 'approach': [(50.87826615780265, 7.124896221188139, -72.16866473955577), (50.87844235188397, 7.125896184714491, -147.02882089843786), None, None, None, None, None, None, None, None, None, None, None, None, None, None, None, None, None, None, None], 'wws': 0, 'startEngines': 41.0}, {'label': 'Facing N on Taxi B (NR)', 'pos': (50.87711879800717, 7.125217879174321, 17.975979101562377), 'snap': False, 'approach': [(50.87826614716003, 7.124896216120324, -72.16828767142428), (50.87746095531042, 7.125393524868025, 17.975979101562373), None, None, None, None, None, None, None, None, None, None, None, None, None, None, None, None, None, None, None], 'wws': 0, 'startEngines': 41.0}]
pushbacklabels = Nose Right/Tail Left (LEFT)|Nose Left/Tail Right (RIGHT)
wingwalkersleftpushback = 0
wingwalkersrightpushback = 0
wingwalkersquickpushback = 0
startenginesleftpushback = 0.0
startenginesrightpushback = 0.0
startenginesquickpushback = 0.0
maxwingspan = 40.0
radiusleft = 20.0
radiusright = 16.0
gatedistancethreshold = 25.0
loadertype = 3 3 2
airlinecodes = 
type = 8
handlingtexture = 
cateringtexture = 
passengerpaththickness = 2.5
passengerpaththickness_deboarding = 2.5
walkertype = GsxJetwayPassenger
walkerpaththickness = 2.5
walkerloopstart = 0
usercustomized = 1
this_parking_pos = 50.8783240380565 7.12461067403009 -72.1680208984376
pushback_pos = 50.8783873501489 7.12429958147975 107.831979101562
baggage_loader_front_pos = 50.8784965928897 7.12446777742461 167.831979101562
baggage_loader_rear_pos = 50.8784963259993 7.12461320016637 107.831979101562
baggage_train_front_pos = 50.8784436127999 7.12412520249278 107.831979101562
baggage_train_rear_pos = 50.8785091023196 7.12439730791268 107.831979101562
stairs_front_pos = 50.8782532588709 7.1241418519571 107.831979101562
stairs_rear_pos = 50.8781624623434 7.12408225087891 107.831979101562
parkingsystem_objectposition = 50.8783759549168 7.124209129945 98.3819791015621 0
parkingsystem_stopposition = 50.878365987638 7.12440392200707 -72.1680208984376

