[general]
creator = dcby13

[gate 18]
nopassengerstairs = 0
nopassengerbus = 0
nopassengerbus_deboarding = 0
ignoreicaoprefixes = 0
ignorepreferredexit = 0
snapleftpushbackpos = 0
snaprightpushbackpos = 0
undergroundrefueling = 0
dontcreatejetways = 0
disablepaxbarriers = 0
disablepaxbarriers_deboarding = 0
parkingsystem = SafeDockTS24Screen
hasjetway = 0
pushback = 0
pushbacktype = 1
pushbackaddpos = [{'label': 'Facing SW on Taxi M (NL)', 'pos': (48.689169460351124, 9.198762074055926, -121.90061245117201), 'snap': False, 'approach': [(48.68960631243714, 9.198474654761316, -15.979021161615847), (48.68935948916868, 9.199222667805998, -106.90061245117202), None, None, None, None, None, None, None, None, None, None, None, None, None, None, None, None, None, None, None], 'wws': 0, 'startEngines': 34.0}, {'label': 'Facing E on Taxi M (NR)', 'pos': (48.688765644737714, 9.197496461592397, 74.02098754882806), 'snap': False, 'approach': [(48.68951986213975, 9.198512046188203, -15.979046696529291), (48.68879711144372, 9.197663012225563, 74.02098754882806), None, None, None, None, None, None, None, None, None, None, None, None, None, None, None, None, None, None, None], 'wws': 0, 'startEngines': 34.0}]
pushbacklabels = Nose Right/Tail Left (LEFT)|Nose Left/Tail Right (RIGHT)
wingwalkersleftpushback = 0
wingwalkersrightpushback = 0
wingwalkersquickpushback = 0
startenginesleftpushback = 0.0
startenginesrightpushback = 0.0
startenginesquickpushback = 0.0
maxwingspan = 44.0
radiusleft = 22.0
radiusright = 17.6
gatedistancethreshold = 25.0
loadertype = 3 3 2
airlinecodes = 
type = 4
handlingtexture = 
cateringtexture = 
passengerpaththickness = 2.5
passengerpaththickness_deboarding = 2.5
walkertype = GsxJetwayPassenger
walkerpaththickness = 2.5
walkerloopstart = 0
usercustomized = 1
this_parking_pos = 48.6897128323217 9.19842827174795 -15.9790124511719
pushback_pos = 48.6899073461234 9.19834414442232 164.020987548828
baggage_loader_front_pos = 48.6899944678616 9.19863648973633 -150.979012451172
baggage_loader_rear_pos = 48.689926536923 9.19864509406665 179.020987548828
baggage_train_front_pos = 48.6899313477519 9.19844311546345 164.020987548828
baggage_train_rear_pos = 48.6899310203877 9.1984907272722 164.020987548828
stairs_front_pos = 48.6899696240434 9.19808550682504 164.020987548828
stairs_rear_pos = 48.6899532895659 9.19800921541333 164.020987548828
parkingsystem_objectposition = 48.6900249402976 9.19829496039768 164.020987548828 1.666
parkingsystem_stopposition = 48.6898765122142 9.19835728488252 -15.9790124511719

