[general]
creator = dcby13

[none 26]
nopassengerstairs = 0
nopassengerbus = 0
nopassengerbus_deboarding = 0
ignoreicaoprefixes = 0
ignorepreferredexit = 0
snapleftpushbackpos = 0
snaprightpushbackpos = 0
undergroundrefueling = 0
dontcreatejetways = 0
disablepaxbarriers = 0
disablepaxbarriers_deboarding = 0
parkingsystem = Marshaller
hasjetway = 0
pushback = 3
pushbacktype = -1
pushbackaddpos = []
pushbacklabels = Nose Right/Tail Left (LEFT)|Nose Left/Tail Right (RIGHT)
wingwalkersleftpushback = 0
wingwalkersrightpushback = 0
wingwalkersquickpushback = 0
startenginesleftpushback = 0.0
startenginesrightpushback = 0.0
startenginesquickpushback = 0.0
maxwingspan = 54.0
radiusleft = 27.0
radiusright = 21.6
gatedistancethreshold = 25.0
loadertype = 3 3 2
airlinecodes = 
type = 4
handlingtexture = 
cateringtexture = 
passengerpaththickness = 2.5
passengerpaththickness_deboarding = 2.5
walkertype = GsxJetwayPassenger
walkerpaththickness = 2.5
walkerloopstart = 0
usercustomized = 1
this_parking_pos = 48.7797360698359 8.08729603985223 159
baggage_loader_front_pos = 48.7794211974065 8.08714723591273 29
baggage_loader_rear_pos = 48.7794505034537 8.08709873290315 29
baggage_train_front_pos = 48.7793812764975 8.0872731336461 24
baggage_train_rear_pos = 48.7794033736401 8.08722599827566 24
stairs_front_pos = 48.7797857630241 8.08769144717982 -141
stairs_rear_pos = 48.7798432393694 8.08772497539521 -81.0000000000001
parkingsystem_objectposition = 48.7794274085479 8.08747593375925 -21 0
parkingsystem_stopposition = 48.7795601120503 8.08739851272472 159

