[general]
creator = dcby13

[jetway_rootfloor_heights]
eetn_mm_jetway = 4.10

[gate m 9]
nopassengerstairs = 1
nopassengerbus = 1
nopassengerbus_deboarding = 1
ignoreicaoprefixes = 0
ignorepreferredexit = 0
snapleftpushbackpos = 0
snaprightpushbackpos = 0
undergroundrefueling = 1
dontcreatejetways = 0
disablepaxbarriers = 0
disablepaxbarriers_deboarding = 0
parkingsystem = SafeDock3Screen
hasjetway = 1
pushback = 0
pushbacktype = 1
pushbackaddpos = [{'snap': False, 'approach': [(59.417192354998555, 24.80193772677198, -179.28981018066423), (59.41749275752858, 24.801526437435328, 90.71018981933601), None, None, None, None, None, None, None], 'pos': (59.4174929614, 24.8014938309, 90.7101898193), 'label': u'Nose Left - Facing E on Apron'}]
pushbacklabels = Nose Right/Tail Left (LEFT)|Nose Left/Tail Right (RIGHT)
maxwingspan = 40.0
radiusleft = 20.0
radiusright = 16.0
gatedistancethreshold = 25.0
loadertype = 3 3 2
airlinecodes = 
type = 9
handlingtexture = 
cateringtexture = 
passengerpaththickness = 2.5
passengerpaththickness_deboarding = 2.5
walkertype = GsxJetwayPassenger
walkerpaththickness = 2.5
walkerloopstart = 0
usercustomized = 1
this_parking_pos = 59.4169878537456 24.8019327424145 -179.289810180664
parkingsystem_objectposition = 59.4165126319842 24.8019260145484 1.41018981933592 0.8
pushback_pos = 59.416688968481 24.8019241527418 0.710189819335941
baggage_loader_front_pos = 59.4167950723007 24.8017449283965 0.710189819335909
baggage_loader_rear_pos = 59.4168228576543 24.8016729685712 -23.2898101806642
baggage_train_front_pos = 59.416807330087 24.8018037361883 0.710189819335909
baggage_train_rear_pos = 59.4168358262324 24.8015560785449 0.710189819335909

