[general]
creator = dcby13

[gate 13]
nopassengerstairs = 0
nopassengerbus = 1
nopassengerbus_deboarding = 1
ignoreicaoprefixes = 0
ignorepreferredexit = 0
snapleftpushbackpos = 0
snaprightpushbackpos = 0
undergroundrefueling = 0
dontcreatejetways = 0
disablepaxbarriers = 1
disablepaxbarriers_deboarding = 0
parkingsystem = Marshaller
hasjetway = 0
pushback = 0
pushbacktype = 1
pushbackaddpos = [{'label': 'Facing SE on Taxi Apron (NL)', 'pos': (54.66155984349234, -6.2128583484128725, 155.0799999999999), 'snap': False, 'approach': [(54.661538732625566, -6.213496861228251, -114.92019158853032), (54.66192253118227, -6.213126294537569, 170.0799999999999), None, None, None, None, None, None, None, None, None, None, None, None, None, None, None, None, None, None, None], 'wws': 0, 'startEngines': 48.0}]
pushbacklabels = Nose Right/Tail Left (LEFT)|Nose Left/Tail Right (RIGHT)
wingwalkersleftpushback = 0
wingwalkersrightpushback = 0
wingwalkersquickpushback = 0
startenginesleftpushback = 0.0
startenginesrightpushback = 0.0
startenginesquickpushback = 0.0
maxwingspan = 38.0
radiusleft = 19.0
radiusright = 15.2
gatedistancethreshold = 25.0
loadertype = 3 3 2
airlinecodes = 
type = 4
handlingtexture = 
cateringtexture = 
passengerpaththickness = 1.8
passengerpaththickness_deboarding = 2.5
walkertype = GsxJetwayPassenger
walkerpaththickness = 2.5
walkerloopstart = 0
usercustomized = 1
this_parking_pos = 54.661473912605 -6.21373845655638 -114.92
passengerentergatepos = (54.661338839749845, -6.214896029445255, 0.0)
pushback_pos = 54.6613938845755 -6.21402200349788 50.08
baggage_loader_front_pos = 54.661511885825 -6.21412975535228 125.08
baggage_loader_rear_pos = 54.6616471278051 -6.21419444330642 80.08
baggage_train_front_pos = 54.6614499814589 -6.21408225535891 50.08
baggage_train_rear_pos = 54.6616245430473 -6.2141741208223 65.08
stairs_front_pos = 54.6612611794035 -6.21394341203583 50.08
stairs_rear_pos = 54.6610933270971 -6.21388341103988 20.0799999999999
parkingsystem_objectposition = 54.6613506358906 -6.21419746629976 65.08 0
parkingsystem_stopposition = 54.6614115013592 -6.21397059480484 -114.92
passengerwaypoints = [(54.66129998068114, -6.214000733493933, 0.0), (54.66127030754518, -6.214382043676176, 0.0), (54.661346614399726, -6.21445712598815, 0.0), (54.66136770874778, -6.214529223985718, 0.0), (54.66128934329977, -6.214819438605397, 0.0), (54.661305431082724, -6.214868561446163, 0.0)]

