[general]
creator = dcby13

[gate 6]
nopassengerstairs = 0
nopassengerbus = 1
nopassengerbus_deboarding = 1
ignoreicaoprefixes = 0
ignorepreferredexit = 0
snapleftpushbackpos = 0
snaprightpushbackpos = 0
undergroundrefueling = 0
dontcreatejetways = 0
disablepaxbarriers = 0
disablepaxbarriers_deboarding = 0
parkingsystem = AgnisWallLeft
hasjetway = 0
pushback = 0
pushbacktype = 1
pushbackaddpos = [{'wws': 0, 'snap': False, 'startEngines': 38.0, 'approach': [(54.615476765156615, -5.871210082816771, 124.49517958893239), (54.61541247858661, -5.872112890525883, 34.73514099121102), None, None, None, None, None, None, None], 'pos': (54.6154366843, -5.87208421281, 34.7351409912), 'label': u'Nose Left - Facing NE on Apron'}, {'wws': 0, 'snap': False, 'startEngines': 38.0, 'approach': [(54.615477233590575, -5.87120952819352, 124.49510239348962), (54.615988394635416, -5.871427252886131, -145.26485900878905), None, None, None, None, None, None, None], 'pos': (54.6159641852, -5.87145589842, -145.264859009), 'label': u'Nose Right - Facing SW on Taxi A'}]
pushbacklabels = Nose Right/Tail Left (LEFT)|Nose Left/Tail Right (RIGHT)
wingwalkersleftpushback = 0
wingwalkersrightpushback = 0
wingwalkersquickpushback = 0
startenginesleftpushback = 0.0
startenginesrightpushback = 0.0
startenginesquickpushback = 0.0
maxwingspan = 36.0
radiusleft = 18.0
radiusright = 14.4
gatedistancethreshold = 25.0
loadertype = 3 3 2
airlinecodes = 
type = 3
passengerpaththickness = 2.0
passengerpaththickness_deboarding = 2.5
walkertype = GsxJetwayPassenger
walkerpaththickness = 2.5
walkerloopstart = 0
this_parking_pos = 54.6153751050684 -5.87095430674456 124.495140991211
usercustomized = 1
handlingtexture = 
cateringtexture = 
parkingsystem_objectposition = 54.6152684309813 -5.87068153556595 -55.504859008789 -1.68
parkingsystem_stopposition = 54.6153366278803 -5.87085745240176 124.495140991211
pushback_pos = 54.615441060053 -5.8706684225834 -145.504859008789
baggage_loader_front_pos = 54.6151732673975 -5.87106168574312 -5.50485900878905
baggage_loader_rear_pos = 54.6151603915328 -5.87110780384539 -5.50485900878905
baggage_train_front_pos = 54.6159951607034 -5.86994741268511 -145.504859008789
baggage_train_rear_pos = 54.6160249686912 -5.86996297115174 -145.504859008789
stairs_front_pos = 54.6153887945196 -5.87064753145833 -70.504859008789
stairs_rear_pos = 54.6155209999337 -5.87048277940107 -85.5048590087893
passengerentergatepos = (54.61522233390376, -5.870716300974883, 0.0)
passengerwaypoints = [(54.615377120468466, -5.8707072817342265, 0.0), (54.61524561391338, -5.870770470727862, 0.0)]

