[general]
creator = dcby13

[gate 57l]
nopassengerstairs = 0
nopassengerbus = 1
nopassengerbus_deboarding = 1
ignoreicaoprefixes = 0
ignorepreferredexit = 0
snapleftpushbackpos = 0
snaprightpushbackpos = 0
undergroundrefueling = 0
dontcreatejetways = 0
disablepaxbarriers = 1
disablepaxbarriers_deboarding = 0
parkingsystem = Marshaller
hasjetway = 0
pushback = 0
pushbacktype = 1
pushbackaddpos = [{'label': 'Facing SW on Taxi V (NR)', 'pos': (52.45509638221791, -1.7350260715285806, -124.17999938964813), 'snap': False, 'approach': [(52.45452627946018, -1.7350283480020974, 145.8198892570189), None, None, None, None, None, None, None, None, None, None, None, None, None, None, None, None, None, None, None, None], 'wws': 0, 'startEngines': 41.0}]
pushbacklabels = Nose Right/Tail Left (LEFT)|Nose Left/Tail Right (RIGHT)
wingwalkersleftpushback = 0
wingwalkersrightpushback = 0
wingwalkersquickpushback = 0
startenginesleftpushback = 0.0
startenginesrightpushback = 0.0
startenginesquickpushback = 0.0
maxwingspan = 38.0
radiusleft = 19.0
radiusright = 15.2
gatedistancethreshold = 25.0
loadertype = 3 3 2
airlinecodes = 
type = 4
handlingtexture = 
cateringtexture = 
passengerpaththickness = 1.2
passengerpaththickness_deboarding = 2.5
walkertype = GsxJetwayPassenger
walkerpaththickness = 2.5
walkerloopstart = 0
usercustomized = 1
this_parking_pos = 52.4543962567743 -1.7348832079753 145.820000610352
passengerentergatepos = (52.45402662090861, -1.7343738599996157, 0.0)
pushback_pos = 52.454220786027 -1.73468827085577 -34.179999389648
baggage_loader_front_pos = 52.4541286166388 -1.7348429378168 -34.179999389648
baggage_loader_rear_pos = 52.4541232578384 -1.73490138712805 -34.179999389648
baggage_train_front_pos = 52.4541732377488 -1.73474982673683 -49.179999389648
baggage_train_rear_pos = 52.4541541154154 -1.73480360828446 -49.179999389648
stairs_front_pos = 52.4543495325074 -1.73456836292667 -139.179999389648
stairs_rear_pos = 52.4543102926047 -1.7342895638077 -34.1799993896481
parkingsystem_objectposition = 52.4541177083266 -1.73457272470711 -34.179999389648 0
parkingsystem_stopposition = 52.4542698076105 -1.73474237575586 145.820000610352
passengerwaypoints = [(52.45426572042158, -1.7345872424474262, 0.0), (52.45404121125626, -1.7343397372971343, 0.0)]

