[general]
creator = dcby13

[jetway_rootfloor_heights]
egcc_metal_jetway = 5.22

[gate 206]
nopassengerstairs = 0
nopassengerbus = 1
nopassengerbus_deboarding = 1
ignoreicaoprefixes = 0
ignorepreferredexit = 0
snapleftpushbackpos = 0
snaprightpushbackpos = 0
undergroundrefueling = 1
dontcreatejetways = 0
disablepaxbarriers = 0
disablepaxbarriers_deboarding = 0
parkingsystem = SafeDockTS24Screen
hasjetway = 1
pushback = 0
pushbacktype = 1
pushbackaddpos = [{'wws': 0, 'startEngines': 57.0, 'pos': (53.36445494, -2.27955945764, 134.687808685), 'label': u'Nose Right - Facing SE on Apron', 'snap': False, 'approach': [(53.36498880588379, -2.2790141406766744, 45.167026708516325), (53.365013716985814, -2.2802130528763938, 149.68780868530268), None, None, None, None, None, None, None]}]
pushbacklabels = Nose Right/Tail Left (LEFT)|Nose Left/Tail Right (RIGHT)
wingwalkersleftpushback = 0
wingwalkersrightpushback = 0
wingwalkersquickpushback = 0
startenginesleftpushback = 0.0
startenginesrightpushback = 0.0
startenginesquickpushback = 0.0
maxwingspan = 70.0
radiusleft = 35.0
radiusright = 28.0
gatedistancethreshold = 25.0
loadertype = 3 3 2
airlinecodes = 
type = 10
handlingtexture = 
cateringtexture = 
passengerpaththickness = 2.5
passengerpaththickness_deboarding = 2.5
walkertype = GsxJetwayPassenger
walkerpaththickness = 2.5
walkerloopstart = 0
usercustomized = 1
this_parking_pos = 53.3651167087217 -2.27879842137767 45.1678086853027
pushback_pos = 53.3654071624972 -2.27855074488571 -134.832191314697
baggage_loader_front_pos = 53.3651320620318 -2.27819181412044 -134.832191314697
baggage_loader_rear_pos = 53.3650705436003 -2.27819637233515 -134.832191314697
baggage_train_front_pos = 53.3653099189633 -2.27826532691599 -74.8321913146973
baggage_train_rear_pos = 53.3650082902128 -2.27820305079608 -134.832191314697
parkingsystem_objectposition = 53.3654389964303 -2.27821232983641 -135.782191314698 4.064

[gate 7]
nopassengerstairs = 0
nopassengerbus = 0
nopassengerbus_deboarding = 0
ignoreicaoprefixes = 0
ignorepreferredexit = 0
snapleftpushbackpos = 0
snaprightpushbackpos = 0
undergroundrefueling = 1
dontcreatejetways = 0
disablepaxbarriers = 0
disablepaxbarriers_deboarding = 0
parkingsystem = SafeDockTS24Screen
hasjetway = 0
pushback = 0
pushbacktype = 1
pushbackaddpos = [{'wws': 0, 'snap': False, 'startEngines': 37.0, 'approach': [(53.359807520046424, -2.2737491203669973, -83.65613995124984), (53.36021924349678, -2.273198182395967, 179.38362792968766), None, None, None, None, None, None, None], 'pos': (53.3598231831, -2.27319106445, 179.38362793), 'label': u'Nose Left - Facing S on Apron'}]
pushbacklabels = Nose Right/Tail Left (LEFT)|Nose Left/Tail Right (RIGHT)
wingwalkersleftpushback = 0
wingwalkersrightpushback = 0
wingwalkersquickpushback = 0
startenginesleftpushback = 0.0
startenginesrightpushback = 0.0
startenginesquickpushback = 0.0
maxwingspan = 40.0
radiusleft = 20.0
radiusright = 16.0
gatedistancethreshold = 25.0
loadertype = 3 3 2
airlinecodes = 
type = 4
handlingtexture = 
cateringtexture = 
passengerpaththickness = 2.5
passengerpaththickness_deboarding = 2.5
walkertype = GsxJetwayPassenger
walkerpaththickness = 2.5
walkerloopstart = 0
usercustomized = 1
this_parking_pos = 53.3598211243767 -2.27395468853351 -83.6563720703121
pushback_pos = 53.3598420017649 -2.27426631509292 81.3436279296879
baggage_loader_front_pos = 53.359999857532 -2.27423358406693 146.343627929688
baggage_loader_rear_pos = 53.3600171831214 -2.27419730362802 146.343627929688
baggage_train_front_pos = 53.3599499152751 -2.27432625854462 -173.656372070312
baggage_train_rear_pos = 53.3599530826172 -2.27429232102024 -173.656372070312
stairs_front_pos = 53.3597289056689 -2.27423636571324 81.3436279296879
stairs_rear_pos = 53.359635469981 -2.27415413935171 21.3436279296879
parkingsystem_objectposition = 53.3598367400603 -2.27444587311471 97.0936279296881 -0.044
parkingsystem_stopposition = 53.3598348604433 -2.27416171463156 -83.6563720703121

