[general]
creator = dcby13

[gate 25]
nopassengerstairs = 0
nopassengerbus = 1
nopassengerbus_deboarding = 1
ignoreicaoprefixes = 0
ignorepreferredexit = 0
snapleftpushbackpos = 0
snaprightpushbackpos = 0
undergroundrefueling = 0
dontcreatejetways = 0
disablepaxbarriers = 0
disablepaxbarriers_deboarding = 0
parkingsystem = Marshaller
hasjetway = 0
pushback = 0
pushbacktype = 2
pushbackaddpos = [{'wws': 0, 'startEngines': 92.0, 'pos': (51.3844322009, -2.71481855402, -93.2841210938), 'label': u'Nose Left - Facing W on Taxi Z', 'snap': False, 'approach': [(51.384842404336695, -2.7158799511168272, -3.521160588287562), (51.38442338819661, -2.7150644461260973, -93.28412109375007), None, None, None, None, None, None, None]}, {'wws': 0, 'startEngines': 92.0, 'pos': (51.384362835533096, -2.7166336046762662, 86.23587890600001), 'label': u'Nose Right - Facing E on Taxi Z', 'snap': False, 'approach': [(51.384842403486815, -2.715879973171667, -3.5270815992125586), (51.38436394049528, -2.716607145135674, 86.23587890624992), None, None, None, None, None, None, None]}]
pushbacklabels = Nose Right/Tail Left (LEFT)|Nose Left/Tail Right (RIGHT)
wingwalkersleftpushback = 0
wingwalkersrightpushback = 0
wingwalkersquickpushback = 0
startenginesleftpushback = 0.0
startenginesrightpushback = 0.0
startenginesquickpushback = 0.0
maxwingspan = 38.0
radiusleft = 19.0
radiusright = 15.2
gatedistancethreshold = 25.0
loadertype = 3 3 2
airlinecodes = 
type = 4
handlingtexture = 
cateringtexture = 
passengerpaththickness = 2.0
passengerpaththickness_deboarding = 2.5
walkertype = GsxJetwayPassenger
walkerpaththickness = 2.5
walkerloopstart = 0
usercustomized = 1
this_parking_pos = 51.3854335422542 -2.71593814405103 -3.52412109375006
passengerentergatepos = (51.38587777464988, -2.7160624435924308, 0.0)
pushback_pos = 51.385620904531 -2.7159601827315 176.47587890625
baggage_loader_front_pos = 51.3856617013291 -2.71585819677537 146.47587890625
baggage_loader_rear_pos = 51.3856570520069 -2.71580049967412 146.47587890625
baggage_train_front_pos = 51.3859453503504 -2.71460284651194 176.47587890625
baggage_train_rear_pos = 51.3859467416342 -2.71457141039366 176.47587890625
stairs_front_pos = 51.3856483945866 -2.71614132181815 -153.52412109375
stairs_rear_pos = 51.3856345009336 -2.7165477935307 131.47587890625
parkingsystem_objectposition = 51.3857682603599 -2.71597118441884 176.47587890625 0
parkingsystem_stopposition = 51.3855926134774 -2.71595383104824 -3.52412109375006
passengerwaypoints = [(51.38561344095108, -2.7162073509766755, 0.0), (51.38568522110692, -2.716244278472644, 0.0), (51.385791959652465, -2.7162454269233396, 0.0), (51.385816492173284, -2.716056421734261, 0.0)]

