[general]
creator = dcby13

[none 13]
nopassengerstairs = 0
nopassengerbus = 1
nopassengerbus_deboarding = 1
ignoreicaoprefixes = 0
ignorepreferredexit = 0
snapleftpushbackpos = 0
snaprightpushbackpos = 0
undergroundrefueling = 1
dontcreatejetways = 0
disablepaxbarriers = 1
disablepaxbarriers_deboarding = 0
parkingsystem = SafeDockTS24Screen
hasjetway = 0
pushback = 0
pushbacktype = 1
pushbackaddpos = [{'wws': 0, 'startEngines': 37.0, 'pos': (49.2041347348, -2.19494627318, -75.2704564667), 'label': u'Nose Left - Facing W on Taxi J', 'snap': False, 'approach': [(49.20452393270598, -2.195211502796264, 15.572954455510667), None, None, None, None, None, None, None, None]}]
pushbacklabels = Nose Right/Tail Left (LEFT)|Nose Left/Tail Right (RIGHT)
wingwalkersleftpushback = 0
wingwalkersrightpushback = 0
wingwalkersquickpushback = 0
startenginesleftpushback = 0.0
startenginesrightpushback = 0.0
startenginesquickpushback = 0.0
maxwingspan = 40.0
radiusleft = 20.0
radiusright = 16.0
gatedistancethreshold = 25.0
loadertype = 3 3 2
airlinecodes = 
type = 4
handlingtexture = 
cateringtexture = 
passengerpaththickness = 1.0
passengerpaththickness_deboarding = 2.5
walkertype = GsxJetwayPassenger
walkerpaththickness = 2.5
walkerloopstart = 0
usercustomized = 1
parkingsystem_objectposition = 49.2049263051409 -2.19504071570986 -164.110456466675 -2.44
this_parking_pos = 49.2046582231114 -2.19515406580177 15.5695435333252
passengerentergatepos = (49.204924811472786, -2.1953695082960203, 0.29600000000000004)
pushback_pos = 49.2048227963823 -2.19508408296674 -164.430456466675
baggage_loader_front_pos = 49.2047074022534 -2.19476673982453 -74.4304564666749
baggage_loader_rear_pos = 49.2045921111065 -2.1947305963956 -74.4304564666749
baggage_train_front_pos = 49.2046206254997 -2.19384379457688 -164.430456466675
baggage_train_rear_pos = 49.2046097650107 -2.19378430851535 -164.430456466675
stairs_front_pos = 49.2048221196636 -2.1953564601686 105.569543533325
stairs_rear_pos = 49.2047746917571 -2.19541366669267 -164.430456466675
parkingsystem_stopposition = 49.2047838300367 -2.195100510354 15.5695435333252
passengerwaypoints = [(49.20485242435813, -2.195407180890606, -1.9749062296239246e-17), (49.20487013621923, -2.195399151155357, -1.9749062296239246e-17), (49.20485518262549, -2.1953218899329507, 0.29600000000000004), (49.20487107755273, -2.1953159878979784, 0.29600000000000004), (49.20488471769065, -2.1953888276395808, 0.29600000000000004)]

