[general]
creator = dcby13

[jetway_rootfloor_heights]
egkk_jetway_glass_long = 4.20
egkk jetway8 = 4.50

[gate 33]
nopassengerstairs = 1
nopassengerbus = 1
nopassengerbus_deboarding = 1
ignoreicaoprefixes = 0
ignorepreferredexit = 0
snapleftpushbackpos = 0
snaprightpushbackpos = 0
undergroundrefueling = 1
dontcreatejetways = 0
disablepaxbarriers = 0
disablepaxbarriers_deboarding = 0
parkingsystem = SafeDockTS24Screen
hasjetway = 1
pushback = 0
pushbacktype = 1
pushbackaddpos = [{'snap': False, 'approach': [(51.1573900565325, -0.1698599844829314, 49.48369160046585), (51.15655088764107, -0.16962175856250392, -102.43618103027347), None, None, None, None, None, None, None], 'pos': (51.1565543995, -0.169595991256, -102.43618103), 'label': u'Nose Left - Facing W on Taxi K'}]
pushbacklabels = Nose Right/Tail Left (LEFT)|Nose Left/Tail Right (RIGHT)
maxwingspan = 64.0
radiusleft = 32.0
radiusright = 25.6
gatedistancethreshold = 25.0
loadertype = 3 3 2
airlinecodes = 
type = 10
handlingtexture = 
cateringtexture = 
passengerpaththickness = 2.5
passengerpaththickness_deboarding = 2.5
walkertype = GsxJetwayPassenger
walkerpaththickness = 2.5
walkerloopstart = 0
usercustomized = 1
this_parking_pos = 51.1576970484593 -0.169287965693712 49.4838189697266
parkingsystem_objectposition = 51.1579897738187 -0.16874633348055 -131.416181030274 0.372000000000002
pushback_pos = 51.1579179021271 -0.16888066103741 -138.916181030274
baggage_loader_front_pos = 51.1578615262086 -0.168754945800353 -146.116181030274
baggage_loader_rear_pos = 51.1578276988873 -0.168744131048689 -145.216181030274
baggage_train_front_pos = 51.1578009677314 -0.16871686711053 -147.316181030274
baggage_train_rear_pos = 51.1577403532064 -0.168738885337053 -146.816181030274
parkingsystem_stopposition = 51.1578141290062 -0.169069498335336 49.4838189697266
passengerentergatepos = (51.15803725132797, -0.168929081776707, 4.2)
passengerwaypoints = [(51.1580202198507, -0.16906316177650293, 4.2)]

[gate 21]
nopassengerstairs = 0
nopassengerbus = 1
nopassengerbus_deboarding = 1
ignoreicaoprefixes = 0
ignorepreferredexit = 0
snapleftpushbackpos = 0
snaprightpushbackpos = 0
undergroundrefueling = 1
dontcreatejetways = 0
disablepaxbarriers = 0
disablepaxbarriers_deboarding = 0
parkingsystem = SafeDockTS24Screen
hasjetway = 1
pushback = 0
pushbacktype = 1
pushbackaddpos = [{'wws': 0, 'startEngines': 50.0, 'pos': (51.1565465016, -0.169544097809, -102.199996338), 'label': u'Nose Right - Facing W on Taxi K', 'snap': False, 'approach': [(51.15597697056584, -0.17009670479111602, 167.3163475047321), (51.156552742949316, -0.16949863709172905, -102.1999963378911), None, None, None, None, None, None, None]}]
pushbacklabels = Nose Right/Tail Left (LEFT)|Nose Left/Tail Right (RIGHT)
wingwalkersleftpushback = 0
wingwalkersrightpushback = 0
wingwalkersquickpushback = 0
startenginesleftpushback = 0.0
startenginesrightpushback = 0.0
startenginesquickpushback = 0.0
maxwingspan = 52.0
radiusleft = 26.0
radiusright = 20.8
gatedistancethreshold = 25.0
loadertype = 3 3 2
airlinecodes = 
type = 9
passengerpaththickness = 2.5
passengerpaththickness_deboarding = 2.5
walkertype = GsxJetwayPassenger
walkerpaththickness = 2.5
walkerloopstart = 0
this_parking_pos = 51.1557236462501 -0.170005804390255 167.320003662109
usercustomized = 1
handlingtexture = 
cateringtexture = 
parkingsystem_objectposition = 51.1553912844414 -0.169890197239526 -12.679996337891 -0.12
parkingsystem_stopposition = 51.1556102341637 -0.16996510419037 167.320003662109
pushback_pos = 51.1555028750389 -0.16979496221618 -12.679996337891
baggage_loader_front_pos = 51.1554538559784 -0.170275548363798 -12.679996337891
baggage_loader_rear_pos = 51.1554473844342 -0.170344728205798 -12.679996337891
baggage_train_front_pos = 51.1554820092884 -0.170054432881606 -12.679996337891
baggage_train_rear_pos = 51.155469377171 -0.170111154498629 -12.679996337891
baggage_train_main_pos = 51.1555418104528 -0.169597921937679 -12.679996337891

