[general]
creator = dcby13

[gate 10]
nopassengerstairs = 0
nopassengerbus = 1
nopassengerbus_deboarding = 1
ignoreicaoprefixes = 0
ignorepreferredexit = 0
snapleftpushbackpos = 0
snaprightpushbackpos = 0
undergroundrefueling = 0
dontcreatejetways = 0
disablepaxbarriers = 1
disablepaxbarriers_deboarding = 0
parkingsystem = Marshaller
hasjetway = 0
pushback = 0
pushbacktype = 1
pushbackaddpos = [{'label': 'Facing E on Taxi C (NL)', 'pos': (52.82793228907578, -1.3298214709385585, 88.23999694824201), 'snap': False, 'approach': [(52.8275489550996, -1.3293567730707418, 178.23994755535003), None, None, None, None, None, None, None, None, None, None, None, None, None, None, None, None, None, None, None, None], 'wws': 0, 'startEngines': 40.0}, {'label': 'Facing S on Taxi R', 'pos': (52.82831540889478, -1.3285584757783833, 178.239996948242), 'snap': False, 'approach': [(52.82754895512178, -1.329356769972037, 178.24000811267894), (52.82800207391745, -1.3288377245209873, -129.19157073630004), None, None, None, None, None, None, None, None, None, None, None, None, None, None, None, None, None, None, None], 'wws': 0, 'startEngines': 40.0}]
pushbacklabels = Nose Right/Tail Left (LEFT)|Nose Left/Tail Right (RIGHT)
wingwalkersleftpushback = 0
wingwalkersrightpushback = 0
wingwalkersquickpushback = 0
startenginesleftpushback = 0.0
startenginesrightpushback = 0.0
startenginesquickpushback = 0.0
maxwingspan = 38.0
radiusleft = 19.0
radiusright = 15.2
gatedistancethreshold = 25.0
loadertype = 3 3 2
airlinecodes = 
type = 4
handlingtexture = 
cateringtexture = 
passengerpaththickness = 2.0
passengerpaththickness_deboarding = 2.5
walkertype = GsxJetwayPassenger
walkerpaththickness = 2.5
walkerloopstart = 0
usercustomized = 1
this_parking_pos = 52.8273065086239 -1.32934443834488 178.239996948242
passengerentergatepos = (52.826808248325065, -1.3290342007437321, 0.0)
pushback_pos = 52.8269641116932 -1.32895744268947 -61.760003051758
baggage_loader_front_pos = 52.8271163770162 -1.32962867943833 -1.76000305175795
baggage_loader_rear_pos = 52.8271159027998 -1.32967348035214 -1.76000305175795
baggage_train_front_pos = 52.8269373090199 -1.33001280869312 43.2399969482421
baggage_train_rear_pos = 52.8269415902556 -1.33005603239714 43.239996948242
stairs_front_pos = 52.8271159479308 -1.32905275912108 -1.76000305175795
stairs_rear_pos = 52.8271170518938 -1.32899344428094 -1.76000305175795
parkingsystem_objectposition = 52.8270468932849 -1.32933122379975 -1.76000305175795 0
parkingsystem_stopposition = 52.8271781139038 -1.32933790584151 178.239996948242
passengerwaypoints = [(52.82708826984258, -1.3292105448435252, 0.0), (52.82695399378128, -1.3292026206109961, 0.0), (52.82691277805644, -1.3291448710720901, 0.0), (52.826907051191846, -1.3290139677390325, 0.0), (52.82682290691471, -1.3290349358875264, 0.0)]

