[general]
creator = dcby13

[parking 214]
nopassengerstairs = 0
nopassengerbus = 0
nopassengerbus_deboarding = 0
ignoreicaoprefixes = 0
ignorepreferredexit = 0
snapleftpushbackpos = 0
snaprightpushbackpos = 0
undergroundrefueling = 1
dontcreatejetways = 0
disablepaxbarriers = 0
disablepaxbarriers_deboarding = 0
parkingsystem = SafeDockTS24Ground
hasjetway = 0
pushback = 0
pushbacktype = 1
pushbackaddpos = [{'wws': 0, 'snap': False, 'startEngines': 50.0, 'approach': [(51.88529091097177, 0.24513326360015075, 42.41100104422059), None, None, None, None, None, None, None, None], 'pos': (51.8845869895, 0.245094607762, -47.1089988708), 'label': u'Facing NW on Apron (NL)'}]
pushbacklabels = Nose Right/Tail Left (LEFT)|Nose Left/Tail Right (RIGHT)
wingwalkersleftpushback = 0
wingwalkersrightpushback = 0
wingwalkersquickpushback = 0
startenginesleftpushback = 0.0
startenginesrightpushback = 0.0
startenginesquickpushback = 0.0
maxwingspan = 80.0
radiusleft = 40.0
radiusright = 32.0
gatedistancethreshold = 25.0
loadertype = 3 3 2
airlinecodes = 
type = 5
handlingtexture = 
cateringtexture = 
passengerpaththickness = 2.5
passengerpaththickness_deboarding = 2.5
walkertype = GsxJetwayPassenger
walkerpaththickness = 2.5
walkerloopstart = 0
usercustomized = 1
this_parking_pos = 51.8854692895654 0.245397179352011 42.4110011291504
pushback_pos = 51.8857360459885 0.245790953887399 -137.58899887085
baggage_loader_front_pos = 51.8855620921679 0.246112833013059 -77.5889988708496
baggage_loader_rear_pos = 51.8855095020526 0.246071449183803 -92.5889988708497
baggage_loader_main_pos = 51.8859128936524 0.245246611932702 -152.58899887085
baggage_train_front_pos = 51.8856383998235 0.246110725866802 -47.5889988708497
baggage_train_rear_pos = 51.8854735121806 0.246147962896773 -137.58899887085
baggage_train_main_pos = 51.8858535459341 0.245443120131182 -137.58899887085
stairs_front_pos = 51.8859327440062 0.245590745727737 177.41100112915
parkingsystem_objectposition = 51.8858267000629 0.245926634221065 -137.18899887085 0
parkingsystem_stopposition = 51.8857025424402 0.2457422923821 42.4110011291504

