[general]
creator = dcby13

[jetway_rootfloor_heights]
ft_eham_jetway = 5.05

[gate f 5]
nopassengerstairs = 1
nopassengerbus = 1
nopassengerbus_deboarding = 1
ignoreicaoprefixes = 0
ignorepreferredexit = 0
snapleftpushbackpos = 0
snaprightpushbackpos = 0
undergroundrefueling = 1
dontcreatejetways = 0
disablepaxbarriers = 0
disablepaxbarriers_deboarding = 0
parkingsystem = SafeDockTS24Screen
hasjetway = 1
pushback = 0
pushbacktype = 2
pushbackaddpos = [{'snap': False, 'approach': [(52.31272300852078, 4.760149970421625, 108.95962760896786), (52.31255063633231, 4.759373603899758, -2.9996331787111234), None, None, None, None, None, None, None], 'pos': (52.3125343335, 4.75937502099, -2.99963317871), 'label': u'Nose Left - Facing N on Taxi A17'}]
pushbacklabels = Nose Right/Tail Left (LEFT)|Nose Left/Tail Right (RIGHT)
maxwingspan = 66.2
radiusleft = 33.1
radiusright = 26.48
gatedistancethreshold = 25.0
loadertype = 3 3 2
airlinecodes = 
type = 10
passengerpaththickness = 2.5
passengerpaththickness_deboarding = 2.5
walkertype = GsxJetwayPassenger
walkerpaththickness = 2.5
walkerloopstart = 0
this_parking_pos = 52.3126495815215 4.76049975769854 108.960366821289
usercustomized = 1
handlingtexture = 
cateringtexture = 
parkingsystem_objectposition = 52.3124133982779 4.76161230497908 -67.3396331787114 -0.132
pushback_pos = 52.312515012601 4.76117922895864 -71.039633178711
baggage_loader_front_pos = 52.3123610463624 4.76064165623906 18.960366821289
baggage_loader_rear_pos = 52.31235036631 4.76015555103699 3.96036682128897
baggage_train_front_pos = 52.3124645340641 4.7610495039729 -71.039633178711
baggage_train_rear_pos = 52.3123521789519 4.76073070468794 -71.039633178711

[gate d 16]
nopassengerstairs = 0
nopassengerbus = 1
nopassengerbus_deboarding = 1
ignoreicaoprefixes = 0
ignorepreferredexit = 0
snapleftpushbackpos = 0
snaprightpushbackpos = 0
undergroundrefueling = 1
dontcreatejetways = 0
disablepaxbarriers = 0
disablepaxbarriers_deboarding = 0
parkingsystem = SafeDockTS24Screen
hasjetway = 1
pushback = 0
pushbacktype = 1
pushbackaddpos = [{'snap': False, 'approach': [(52.30697576234959, 4.7702424144160265, 3.253456983566289), (52.306660647063595, 4.77046996608323, -57.22654301643376), None, None, None, None, None, None, None], 'pos': (52.3066518101, 4.77049273226, -57.2265430164), 'label': u'Nose Left - Facing NW on Taxi A8'}]
pushbacklabels = Nose Right/Tail Left (LEFT)|Nose Left/Tail Right (RIGHT)
maxwingspan = 41.2
radiusleft = 20.6
radiusright = 16.48
gatedistancethreshold = 25.0
loadertype = 3 3 2
airlinecodes = 
type = 9
handlingtexture = 
cateringtexture = 
passengerpaththickness = 2.5
passengerpaththickness_deboarding = 2.5
walkertype = GsxJetwayPassenger
walkerpaththickness = 2.5
walkerloopstart = 0
usercustomized = 1
this_parking_pos = 52.3070877042261 4.77025285360329 3.25345698356629
pushback_pos = 52.3072876915302 4.77025703750579 174.853456983566
baggage_loader_front_pos = 52.3072666727798 4.77060695481402 -101.746543016434
baggage_loader_rear_pos = 52.3072226847397 4.77059124731266 -131.746543016434
baggage_train_front_pos = 52.3072668030044 4.77037416371348 -176.746543016434
baggage_train_rear_pos = 52.307261733819 4.77042344509616 -176.746543016434
parkingsystem_objectposition = 52.3074009647104 4.77027903959987 -176.746543016434 -0.432000000000001

