[general]
creator = dcby13

[gate s 6]
nopassengerstairs = 0
nopassengerbus = 1
nopassengerbus_deboarding = 1
ignoreicaoprefixes = 0
ignorepreferredexit = 0
snapleftpushbackpos = 0
snaprightpushbackpos = 0
undergroundrefueling = 0
dontcreatejetways = 0
disablepaxbarriers = 0
disablepaxbarriers_deboarding = 0
parkingsystem = Marshaller
hasjetway = 0
pushback = 0
pushbacktype = 2
pushbackaddpos = [{'snap': False, 'approach': [(51.45781783983304, 5.389204144545625, 125.15991443248461), (51.45772413741088, 5.388189855749211, 35.16), None, None, None, None, None, None, None], 'pos': (51.4574859446, 5.38792103247, 35.16), 'label': u'Nose Left - Facing NE on Apron'}]
pushbacklabels = Nose Right/Tail Left (LEFT)|Nose Left/Tail Right (RIGHT)
maxwingspan = 48.0
radiusleft = 24.0
radiusright = 19.2
gatedistancethreshold = 25.0
loadertype = 3 3 2
airlinecodes = 
type = 4
handlingtexture = 
cateringtexture = 
passengerpaththickness = 2.5
passengerpaththickness_deboarding = 2.5
walkertype = GsxJetwayPassenger
walkerpaththickness = 2.5
walkerloopstart = 0
usercustomized = 1
this_parking_pos = 51.4576471968581 5.38959279676934 125.16
pushback_pos = 51.4576605850244 5.39000209485559 -54.8400000000001
baggage_loader_front_pos = 51.4574233651104 5.38981663588213 -54.8400000000001
baggage_loader_rear_pos = 51.4574232238144 5.38956411704442 -54.8400000000001
baggage_train_front_pos = 51.4574594787542 5.38967010975891 -54.8400000000001
baggage_train_rear_pos = 51.4574494598708 5.38963241576967 -54.8400000000001
stairs_front_pos = 51.4576131592054 5.39000493694548 -54.8400000000001
stairs_rear_pos = 51.4577728256222 5.38982947632237 -54.8400000000002
parkingsystem_objectposition = 51.4574896793186 5.3899521235195 -54.8400000000001 0
passengerentergatepos = (51.457663195145244, 5.390378154457692, 3.7640000000000002)
passengerwaypoints = [(51.457624832327696, 5.389944515802344, 5.885220564279296e-16), (51.457515286097454, 5.39013458344619, 5.885220564279296e-16), (51.45753493690955, 5.390182039477255, 5.885220564279296e-16), (51.45761789371455, 5.390322653368471, 5.885220564279296e-16)]

