[general]
creator = dcby13

[jetway_rootfloor_heights]
mkstudios_einn_jetway = 4.65

[gate 32]
nopassengerstairs = 1
nopassengerbus = 1
nopassengerbus_deboarding = 1
ignoreicaoprefixes = 0
ignorepreferredexit = 0
snapleftpushbackpos = 0
snaprightpushbackpos = 0
undergroundrefueling = 1
dontcreatejetways = 0
disablepaxbarriers = 0
disablepaxbarriers_deboarding = 0
parkingsystem = AgnisWallLeft
hasjetway = 1
pushback = 0
pushbacktype = 2
pushbackaddpos = [{'label': 'Facing E on Apron (NL)', 'pos': (52.6946873265828, -8.920269076020919, 103.52226135253892), 'snap': False, 'approach': [(52.69416911823117, -8.92048818043176, -175.35769424216096), (52.69477132904858, -8.920843459246942, 103.52226135253892), None, None, None, None, None, None, None, None, None, None, None, None, None, None, None, None, None, None, None], 'wws': 0, 'startEngines': 64.0}, {'label': 'Facing W on Apron (NR)', 'pos': (52.69464563011214, -8.919978388431916, -76.59773864746128), 'snap': False, 'approach': [(52.69416908348087, -8.920488167425363, -175.3571769588232), None, None, None, None, None, None, None, None, None, None, None, None, None, None, None, None, None, None, None, None], 'wws': 0, 'startEngines': 64.0}]
pushbacklabels = Nose Right/Tail Left (LEFT)|Nose Left/Tail Right (RIGHT)
wingwalkersleftpushback = 0
wingwalkersrightpushback = 0
wingwalkersquickpushback = 0
startenginesleftpushback = 0.0
startenginesrightpushback = 0.0
startenginesquickpushback = 0.0
maxwingspan = 50.0
radiusleft = 25.0
radiusright = 20.0
gatedistancethreshold = 25.0
loadertype = 3 3 2
airlinecodes = 
type = 9
handlingtexture = 
cateringtexture = 
passengerpaththickness = 2.5
passengerpaththickness_deboarding = 2.5
walkertype = GsxJetwayPassenger
walkerpaththickness = 2.5
walkerloopstart = 0
usercustomized = 1
this_parking_pos = 52.6937654437246 -8.92054220491053 -175.357738647461
parkingsystem_objectposition = 52.6934091811417 -8.92058993980374 4.64226135253901 -1.48
parkingsystem_stopposition = 52.6936201490695 -8.92056167781644 -175.357738647461
pushback_pos = 52.6935066279722 -8.92057753639262 4.64226135253897
baggage_loader_front_pos = 52.6936249068453 -8.9208372264748 64.642261352539
baggage_loader_rear_pos = 52.6937219276915 -8.92101248489498 4.64226135253901
baggage_train_front_pos = 52.6935737756773 -8.92067763022216 4.64226135253901
baggage_train_rear_pos = 52.6935652133447 -8.9207781969884 4.64226135253901
stairs_rear_pos = 52.6935302642653 -8.91986877954155 4.64226135253892

