[general]
creator = dcby13

[none 4]
nopassengerstairs = 0
nopassengerbus = 1
nopassengerbus_deboarding = 1
ignoreicaoprefixes = 0
ignorepreferredexit = 0
snapleftpushbackpos = 0
snaprightpushbackpos = 0
undergroundrefueling = 0
dontcreatejetways = 0
disablepaxbarriers = 0
disablepaxbarriers_deboarding = 0
parkingsystem = ApisWall
hasjetway = 0
pushback = 3
pushbacktype = 1
pushbackaddpos = []
pushbacklabels = Nose Right/Tail Left (LEFT)|Nose Left/Tail Right (RIGHT)
wingwalkersleftpushback = 0
wingwalkersrightpushback = 0
wingwalkersquickpushback = 0
startenginesleftpushback = 0.0
startenginesrightpushback = 0.0
startenginesquickpushback = 0.0
maxwingspan = 36.0
radiusleft = 14.0
radiusright = 11.2
gatedistancethreshold = 25.0
loadertype = 3 3 2
airlinecodes = 
type = 3
handlingtexture = 
cateringtexture = 
passengerpaththickness = 2.0
passengerpaththickness_deboarding = 2.5
walkertype = GsxJetwayPassenger
walkerpaththickness = 2.5
walkerloopstart = 0
usercustomized = 1
this_parking_pos = 56.3070235511284 10.6279829151447 10.34
parkingsystem_stopposition = 56.3071262777608 10.6280167263711 10.34
pushback_pos = 56.3072282168572 10.628010357167 175.34
baggage_loader_front_pos = 56.3071745438447 10.6283155334697 -124.66
baggage_loader_rear_pos = 56.3070681751713 10.6284660399235 -124.66
baggage_train_front_pos = 56.3071302806182 10.628319614148 -124.66
baggage_train_rear_pos = 56.3070907488182 10.6283630900729 -124.66
stairs_front_pos = 56.3072414817111 10.6277424152468 -169.66
stairs_rear_pos = 56.3072500313313 10.6276401168975 -169.66
parkingsystem_objectposition = 56.3072823667559 10.6280672808003 -169.66 -2.2
passengerentergatepos = (56.30741719251331, 10.627933202046249, 0.0)
passengerwaypoints = [(56.30722923767479, 10.627870644227803, 0.0)]

