[general]
creator = dcby13

[sw parking 5]
nopassengerstairs = 0
nopassengerbus = 0
nopassengerbus_deboarding = 0
ignoreicaoprefixes = 0
ignorepreferredexit = 0
snapleftpushbackpos = 0
snaprightpushbackpos = 0
undergroundrefueling = 0
dontcreatejetways = 0
disablepaxbarriers = 0
disablepaxbarriers_deboarding = 0
parkingsystem = Marshaller
hasjetway = 0
pushback = 3
pushbacktype = 1
pushbackaddpos = []
pushbacklabels = Nose Right/Tail Left (LEFT)|Nose Left/Tail Right (RIGHT)
wingwalkersleftpushback = 0
wingwalkersrightpushback = 0
wingwalkersquickpushback = 0
startenginesleftpushback = 0.0
startenginesrightpushback = 0.0
startenginesquickpushback = 0.0
maxwingspan = 62.99999999999999
radiusleft = 13.999999999999998
radiusright = 11.2
gatedistancethreshold = 25.0
loadertype = 3 3 2
airlinecodes = 
type = 3
handlingtexture = 
cateringtexture = 
passengerpaththickness = 2.5
passengerpaththickness_deboarding = 2.5
walkertype = GsxJetwayPassenger
walkerpaththickness = 2.5
walkerloopstart = 0
usercustomized = 1
this_parking_pos = 55.7376603271579 9.13840095111365 176.507950439454
pushback_pos = 55.7371804688915 9.13829814623955 -3.49204956054598
baggage_loader_front_pos = 55.737318443838 9.13789555628249 46.507950439454
baggage_loader_rear_pos = 55.7374326445901 9.13782820618335 11.507950439454
baggage_loader_main_pos = 55.7375099292879 9.13895286393901 -18.492049560546
baggage_train_front_pos = 55.7371741149574 9.13821461770533 -3.49204956054598
baggage_train_rear_pos = 55.7371767811887 9.13816137848669 -3.49204956054598
baggage_train_main_pos = 55.737471624941 9.13887910907894 -3.49204956054598
stairs_front_pos = 55.7373269359158 9.13877849712133 -63.492049560546
parkingsystem_objectposition = 55.7371930784475 9.1384516286652 -3.49204956054598 0
parkingsystem_stopposition = 55.7373789699351 9.13843143484907 176.507950439454

