[general]
creator = dcby13

[gate 13]
nopassengerstairs = 0
nopassengerbus = 1
nopassengerbus_deboarding = 1
ignoreicaoprefixes = 0
ignorepreferredexit = 0
snapleftpushbackpos = 0
snaprightpushbackpos = 0
undergroundrefueling = 0
dontcreatejetways = 0
disablepaxbarriers = 0
disablepaxbarriers_deboarding = 0
parkingsystem = Marshaller
hasjetway = 0
pushback = 0
pushbacktype = 1
pushbackaddpos = [{'snap': False, 'approach': [(59.180266830601845, 10.25113514828261, 179.34498248736872), (59.18065510757766, 10.250532531337027, 90.3), None, None, None, None, None, None, None], 'pos': (59.1806547143, 10.2506785516, 90.3), 'wws': 0, 'label': u'Nose Left - Facing E on Taxi T'}]
pushbacklabels = Nose Right/Tail Left (LEFT)|Nose Left/Tail Right (RIGHT)
wingwalkersleftpushback = 0
wingwalkersrightpushback = 0
wingwalkersquickpushback = 0
maxwingspan = 46.0
radiusleft = 23.0
radiusright = 18.4
gatedistancethreshold = 25.0
loadertype = 3 3 2
airlinecodes = 
type = 4
handlingtexture = 
cateringtexture = 
passengerpaththickness = 2.0
passengerpaththickness_deboarding = 2.0
walkertype = GsxJetwayPassenger
walkerpaththickness = 2.5
walkerloopstart = 0
usercustomized = 1
pushback_pos = 59.1799468964011 10.2513800547824 -0.499999999999983
baggage_loader_front_pos = 59.1799355226261 10.2509403655596 47.7
baggage_loader_rear_pos = 59.179983676508 10.2506863607495 51.2
baggage_train_front_pos = 59.1799187265838 10.2509833175349 -0.499999999999983
baggage_train_rear_pos = 59.1799460459038 10.2506690674012 -0.499999999999983
stairs_front_pos = 59.1799821099835 10.2515142359999 -90.5
stairs_rear_pos = 59.1799500586611 10.2516852180324 -0.500000000000136
this_parking_pos = 59.1801289464304 10.2511382103069 179.34
parkingsystem_objectposition = 59.1798277390212 10.2511433435813 -0.499999999999983 0
passengerentergatepos = (59.179727085700414, 10.251311699623189, 0.0)
passengerwaypoints = [(59.179868371812525, 10.251310251766098, 0.0)]
passengerentergatepos_deboarding = (59.17972515404909, 10.25113683127337, 0.0)
passengerwaypoints_deboarding = [(59.179868371812525, 10.251310251766098, 0.0), (59.1797493523221, 10.251313367256962, 0.0), (59.179747867458644, 10.251152925026824, 0.0)]

