[general]
creator = dcby13

[gate 26]
nopassengerstairs = 0
nopassengerbus = 1
nopassengerbus_deboarding = 1
ignoreicaoprefixes = 0
ignorepreferredexit = 0
snapleftpushbackpos = 0
snaprightpushbackpos = 0
undergroundrefueling = 0
dontcreatejetways = 0
disablepaxbarriers = 0
disablepaxbarriers_deboarding = 0
parkingsystem = SafeDock3Screen
hasjetway = 1
pushback = 0
pushbacktype = 2
pushbackaddpos = [{'snap': False, 'approach': [(54.38176931479348, 18.463062110084312, 22.9191356099836), (54.38160074391309, 18.462374508645503, 112.9203528594971), None, None, None, None, None, None, None], 'pos': (54.3815892708, 18.4624206043, 112.920352859), 'label': u'Nose Right - Facing SE on Taxi M'}, {'snap': False, 'approach': [(54.381769160452414, 18.463062735418497, -337.0784298909894), (54.3813637860674, 18.46333457614878, -67.0796471405029), None, None, None, None, None, None, None], 'pos': (54.3813750962, 18.4632883626, -67.07964714), 'label': u'Nose Left - Facing NW on Taxi M'}]
pushbacklabels = Nose Right/Tail Left (LEFT)|Nose Left/Tail Right (RIGHT)
maxwingspan = 40.0
radiusleft = 20.0
radiusright = 16.0
gatedistancethreshold = 25.0
loadertype = 3 3 2
airlinecodes = 
type = 9
handlingtexture = 
cateringtexture = 
passengerpaththickness = 2.5
passengerpaththickness_deboarding = 2.5
walkertype = GsxJetwayPassenger
walkerpaththickness = 2.5
walkerloopstart = 0
usercustomized = 1
this_parking_pos = 54.3818726018071 18.4631372988224 22.9203528594971
pushback_pos = 54.3821018042432 18.4633033312236 -157.079647140503
baggage_loader_front_pos = 54.3820194916028 18.4633957657697 -157.079647140503
baggage_loader_rear_pos = 54.3819870374757 18.4634324126219 -157.079647140503
baggage_train_front_pos = 54.3820362855149 18.4633277228772 -157.079647140503
baggage_train_rear_pos = 54.3820259782695 18.4633536763032 -157.079647140503
parkingsystem_objectposition = 54.3822871506651 18.4634435199799 -156.929647140503 0.779999999999998

