[general]
creator = dcby13

[gate 12]
nopassengerstairs = 0
nopassengerbus = 0
nopassengerbus_deboarding = 0
ignoreicaoprefixes = 0
ignorepreferredexit = 0
snapleftpushbackpos = 0
snaprightpushbackpos = 0
undergroundrefueling = 0
dontcreatejetways = 0
disablepaxbarriers = 0
disablepaxbarriers_deboarding = 0
parkingsystem = Marshaller
hasjetway = 0
pushback = 0
pushbacktype = 1
pushbackaddpos = [{'wws': 0, 'snap': False, 'startEngines': 39.0, 'approach': [(50.07543631564596, 19.804810653516377, 106.6128864191914), (50.07522377298098, 19.804021421790132, 16.978119506836045), None, None, None, None, None, None, None], 'pos': (50.0752081931, 19.8040138945, 16.9781195068), 'label': u'Nose Left - Facing N on Taxi Z4'}]
pushbacklabels = Nose Right/Tail Left (LEFT)|Nose Left/Tail Right (RIGHT)
wingwalkersleftpushback = 0
wingwalkersrightpushback = 0
wingwalkersquickpushback = 0
startenginesleftpushback = 0.0
startenginesrightpushback = 0.0
startenginesquickpushback = 0.0
maxwingspan = 40.0
radiusleft = 20.0
radiusright = 16.0
gatedistancethreshold = 25.0
loadertype = 3 3 2
airlinecodes = 
type = 4
handlingtexture = 
cateringtexture = 
passengerpaththickness = 2.5
passengerpaththickness_deboarding = 2.5
walkertype = GsxJetwayPassenger
walkerpaththickness = 2.5
walkerloopstart = 0
usercustomized = 1
this_parking_pos = 50.0753610399917 19.8052038214514 106.618119506836
pushback_pos = 50.0754386148021 19.8055133693975 -133.381880493164
baggage_loader_front_pos = 50.0752117383937 19.8053057765493 1.61811950683602
baggage_loader_rear_pos = 50.0751576179014 19.8050634720867 -23.381880493164
baggage_train_front_pos = 50.07515660176 19.8052761746475 -28.381880493164
baggage_train_rear_pos = 50.0751701563198 19.8051803409856 -28.381880493164
stairs_front_pos = 50.0755063377673 19.805462216494 -148.381880493164
stairs_rear_pos = 50.0756590380368 19.8049760978173 -163.381880493164
parkingsystem_objectposition = 50.0752813235889 19.8056204394485 -73.381880493164 0
parkingsystem_stopposition = 50.0753284050377 19.8053743852897 106.618119506836

[gate 15]
nopassengerstairs = 0
nopassengerbus = 0
nopassengerbus_deboarding = 0
ignoreicaoprefixes = 0
ignorepreferredexit = 0
snapleftpushbackpos = 0
snaprightpushbackpos = 0
undergroundrefueling = 0
dontcreatejetways = 0
disablepaxbarriers = 0
disablepaxbarriers_deboarding = 0
parkingsystem = Marshaller
hasjetway = 0
pushback = 0
pushbacktype = -1
pushbackaddpos = []
pushbacklabels = Nose Right/Tail Left (LEFT)|Nose Left/Tail Right (RIGHT)
wingwalkersleftpushback = 0
wingwalkersrightpushback = 0
wingwalkersquickpushback = 0
startenginesleftpushback = 0.0
startenginesrightpushback = 0.0
startenginesquickpushback = 0.0
maxwingspan = 36.0
radiusleft = 18.0
radiusright = 14.4
gatedistancethreshold = 25.0
loadertype = 3 3 2
airlinecodes = 
type = 3
handlingtexture = 
cateringtexture = 
passengerpaththickness = 2.5
passengerpaththickness_deboarding = 2.5
walkertype = GsxJetwayPassenger
walkerpaththickness = 2.5
walkerloopstart = 0
usercustomized = 1
this_parking_pos = 50.0749711363763 19.8020963312663 167.807573364258
baggage_loader_front_pos = 50.0747712597682 19.8017859613336 62.807573364258
baggage_loader_rear_pos = 50.0749256403423 19.8017355906328 17.807573364258
baggage_train_front_pos = 50.0742615579174 19.7987092969159 77.807573364258
baggage_train_rear_pos = 50.0742963478178 19.7989528666504 77.807573364258
stairs_front_pos = 50.0750931658614 19.8030929540632 -102.192426635742
stairs_rear_pos = 50.0751480284253 19.8030773987465 -102.192426635742
parkingsystem_objectposition = 50.0746534175932 19.8022033377984 -12.192426635742 0
parkingsystem_stopposition = 50.0748142533657 19.8021491087201 167.807573364258

