[general]
creator = dcby13

[gate 15]
nopassengerstairs = 0
nopassengerbus = 0
nopassengerbus_deboarding = 0
ignoreicaoprefixes = 0
ignorepreferredexit = 0
snapleftpushbackpos = 0
snaprightpushbackpos = 0
undergroundrefueling = 0
dontcreatejetways = 0
disablepaxbarriers = 0
disablepaxbarriers_deboarding = 0
parkingsystem = Marshaller
hasjetway = 0
pushback = 0
pushbacktype = 1
pushbackaddpos = [{'label': 'Facing W on Taxi E (NL)', 'pos': (50.113244940039856, 22.023863283605092, -89.02941898345942), 'snap': False, 'approach': [(50.113870876232305, 22.02339347016441, 0.9705810122876832), (50.11324341927089, 22.024002278866597, -89.02941898345942), None, None, None, None, None, None, None, None, None, None, None, None, None, None, None, None, None, None, None], 'wws': 0, 'startEngines': 64.0}, {'label': 'Facing E on Taxi E (NR)', 'pos': (50.113237296292155, 22.024564917120898, 90.97058101654054), 'snap': False, 'approach': [(50.11387087620308, 22.02339347015599, 0.9705811648759679), (50.113167024844834, 22.023177723760934, 30.970581016540528), None, None, None, None, None, None, None, None, None, None, None, None, None, None, None, None, None, None, None], 'wws': 0, 'startEngines': 64.0}]
pushbacklabels = Nose Right/Tail Left (LEFT)|Nose Left/Tail Right (RIGHT)
wingwalkersleftpushback = 0
wingwalkersrightpushback = 0
wingwalkersquickpushback = 0
startenginesleftpushback = 0.0
startenginesrightpushback = 0.0
startenginesquickpushback = 0.0
maxwingspan = 64.0
radiusleft = 32.0
radiusright = 25.6
gatedistancethreshold = 25.0
loadertype = 3 3 2
airlinecodes = 
type = 4
handlingtexture = 
cateringtexture = 
passengerpaththickness = 2.5
passengerpaththickness_deboarding = 2.5
walkertype = GsxJetwayPassenger
walkerpaththickness = 2.5
walkerloopstart = 0
usercustomized = 1
this_parking_pos = 50.1140747108115 22.0233988558057 0.970581016540527
pushback_pos = 50.1143713474362 22.0234066713324 -179.029418983459
baggage_loader_front_pos = 50.1143422810564 22.0236109567771 -179.029418983459
baggage_loader_rear_pos = 50.1143376566259 22.023674541186 -179.029418983459
baggage_train_front_pos = 50.1143144141106 22.0238126353864 -89.0294189834596
baggage_train_rear_pos = 50.1142686372779 22.023805275564 -89.0294189834596
stairs_front_pos = 50.114435457769 22.0232167949323 -179.029418983459
stairs_rear_pos = 50.1144371028762 22.0231483221228 -179.02941898346
parkingsystem_objectposition = 50.1144451244332 22.0233649467699 173.870581016539 0
parkingsystem_stopposition = 50.114286763257 22.0234044574406 0.970581016540527

