[general]
creator = dcby13

[parking 2]
nopassengerstairs = 0
nopassengerbus = 1
nopassengerbus_deboarding = 1
ignoreicaoprefixes = 0
ignorepreferredexit = 0
snapleftpushbackpos = 0
snaprightpushbackpos = 0
undergroundrefueling = 0
dontcreatejetways = 0
disablepaxbarriers = 0
disablepaxbarriers_deboarding = 0
parkingsystem = Marshaller
hasjetway = 0
pushback = 0
pushbacktype = -1
pushbackaddpos = []
pushbacklabels = Nose Right/Tail Left (LEFT)|Nose Left/Tail Right (RIGHT)
wingwalkersleftpushback = 0
wingwalkersrightpushback = 0
wingwalkersquickpushback = 0
startenginesleftpushback = 0.0
startenginesrightpushback = 0.0
startenginesquickpushback = 0.0
maxwingspan = 36.0
radiusleft = 18.0
radiusright = 14.4
gatedistancethreshold = 25.0
loadertype = 3 3 2
airlinecodes = 
type = 3
handlingtexture = 
cateringtexture = 
passengerpaththickness = 2.0
passengerpaththickness_deboarding = 2.5
walkertype = GsxJetwayPassenger
walkerpaththickness = 2.5
walkerloopstart = 0
usercustomized = 1
this_parking_pos = 53.5921751047522 14.8952987339785 -48.7352978515625
passengerentergatepos = (53.592991693509205, 14.895012262336229, 0.0)
baggage_loader_front_pos = 53.5923989772906 14.8952728824534 131.264702148437
baggage_loader_rear_pos = 53.5924192828433 14.8953104643925 131.264702148437
baggage_train_front_pos = 53.5924340762842 14.8951635130871 -138.735297851563
baggage_train_rear_pos = 53.592407113496 14.8951840222196 -138.735297851563
stairs_front_pos = 53.5921052469664 14.8947295793716 131.264702148437
stairs_rear_pos = 53.5920727463695 14.8946796390195 131.264702148437
parkingsystem_objectposition = 53.5923419884035 14.8949779419303 131.264702148437 0
parkingsystem_stopposition = 53.5922525663149 14.8951498929351 -48.7352978515625
passengerwaypoints = [(53.59226879343495, 14.895028670822931, 0.0), (53.59231973674618, 14.894936665381978, 0.0), (53.592685513664954, 14.895465325105132, 0.0), (53.5928939528209, 14.895283000894299, 0.0), (53.59296943521418, 14.89502966163737, 0.0)]

