[general]
creator = dcby13

[gate 2]
nopassengerstairs = 0
nopassengerbus = 1
nopassengerbus_deboarding = 1
ignoreicaoprefixes = 0
ignorepreferredexit = 0
snapleftpushbackpos = 0
snaprightpushbackpos = 0
undergroundrefueling = 0
dontcreatejetways = 0
disablepaxbarriers = 1
disablepaxbarriers_deboarding = 0
parkingsystem = Marshaller
hasjetway = 0
pushback = 0
pushbacktype = 1
pushbackaddpos = [{'label': 'Facing S on Taxi B (NR)', 'pos': (53.48794612494063, 20.944000089272315, -161.57069488525406), 'snap': False, 'approach': [(53.48784898975933, 20.944726883258426, 108.42931256949693), (53.4882868945999, 20.944190312273335, -176.57069488525406), None, None, None, None, None, None, None, None, None, None, None, None, None, None, None, None, None, None, None], 'wws': 0, 'startEngines': 27.0}]
pushbacklabels = Nose Right/Tail Left (LEFT)|Nose Left/Tail Right (RIGHT)
wingwalkersleftpushback = 0
wingwalkersrightpushback = 0
wingwalkersquickpushback = 0
startenginesleftpushback = 0.0
startenginesrightpushback = 0.0
startenginesquickpushback = 0.0
maxwingspan = 40.0
radiusleft = 20.0
radiusright = 16.0
gatedistancethreshold = 25.0
loadertype = 3 3 2
airlinecodes = 
type = 4
handlingtexture = 
cateringtexture = 
passengerpaththickness = 2.5
passengerpaththickness_deboarding = 2.5
walkertype = GsxJetwayPassenger
walkerpaththickness = 2.5
walkerloopstart = 0
usercustomized = 1
this_parking_pos = 53.4877867251635 20.945041179657 108.429305114746
passengerentergatepos = (53.487595357714575, 20.94600780142411, 0.0)
parkingsystem_objectposition = 53.4876871593127 20.9455435705243 -71.570694885254 0
parkingsystem_stopposition = 53.4877316982755 20.945318645943 108.429305114746
pushback_pos = 53.4877273457539 20.9454309677629 -86.570694885254
baggage_loader_front_pos = 53.4875003412318 20.9454290175124 -71.570694885254
baggage_loader_rear_pos = 53.4874631181277 20.9454018684169 -71.570694885254
baggage_train_front_pos = 53.4876424100135 20.945462343861 -71.570694885254
baggage_train_rear_pos = 53.4875605768373 20.9454166223554 -71.570694885254
stairs_front_pos = 53.4878549530627 20.945650965695 -71.570694885254
stairs_rear_pos = 53.4879174635865 20.9456700140717 -71.5706948852541
passengerwaypoints = [(53.48779123718841, 20.94549548543089, 0.0), (53.48776731625736, 20.945616313025717, 0.0), (53.487613211825014, 20.945916105974312, 0.0)]

