[general]
creator = dcby13

[jetway_rootfloor_heights]
dd_epwr_jw = 6.25

[none 9]
nopassengerstairs = 1
nopassengerbus = 1
nopassengerbus_deboarding = 1
ignoreicaoprefixes = 0
ignorepreferredexit = 0
snapleftpushbackpos = 0
snaprightpushbackpos = 0
undergroundrefueling = 0
dontcreatejetways = 0
disablepaxbarriers = 0
disablepaxbarriers_deboarding = 0
parkingsystem = SafeDockTS24Screen
hasjetway = 1
pushback = 3
pushbacktype = 2
pushbackaddpos = []
pushbacklabels = Nose Right/Tail Left (LEFT)|Nose Left/Tail Right (RIGHT)
wingwalkersleftpushback = 0
wingwalkersrightpushback = 0
wingwalkersquickpushback = 0
startenginesleftpushback = 0.0
startenginesrightpushback = 0.0
startenginesquickpushback = 0.0
maxwingspan = 51.6
radiusleft = 25.8
radiusright = 20.6
gatedistancethreshold = 25.0
loadertype = 3 3 2
airlinecodes = 
type = 9
handlingtexture = 
cateringtexture = 
passengerpaththickness = 2.5
passengerpaththickness_deboarding = 2.5
walkertype = GsxJetwayPassenger
walkerpaththickness = 2.5
walkerloopstart = 0
usercustomized = 1
this_parking_pos = 51.1088124627936 16.8793419801395 25.9876385498047
pushback_pos = 51.1090403586093 16.8795189291043 -154.012361450195
baggage_loader_front_pos = 51.1088828830418 16.8796970186456 -79.0123614501953
baggage_loader_rear_pos = 51.1088248167949 16.8797379148804 -109.012361450195
baggage_train_front_pos = 51.1089675652453 16.8795638241281 -169.012361450195
baggage_train_rear_pos = 51.1089086895039 16.8797326072718 -154.012361450195
stairs_rear_pos = 51.1090380639783 16.8791208967624 160.987638549805
parkingsystem_objectposition = 51.1092800515552 16.8797043757144 -154.012361450195 1.4
parkingsystem_stopposition = 51.1089689448163 16.8794634639909 25.9876385498047

