[general]
creator = dcby13

[none 1]
nopassengerstairs = 0
nopassengerbus = 1
nopassengerbus_deboarding = 1
ignoreicaoprefixes = 0
ignorepreferredexit = 0
snapleftpushbackpos = 0
snaprightpushbackpos = 0
undergroundrefueling = 0
dontcreatejetways = 0
disablepaxbarriers = 0
disablepaxbarriers_deboarding = 0
parkingsystem = Marshaller
hasjetway = 0
pushback = 0
pushbacktype = -1
pushbackaddpos = []
pushbacklabels = Nose Right/Tail Left (LEFT)|Nose Left/Tail Right (RIGHT)
wingwalkersleftpushback = 0
wingwalkersrightpushback = 0
wingwalkersquickpushback = 0
startenginesleftpushback = 0.0
startenginesrightpushback = 0.0
startenginesquickpushback = 0.0
maxwingspan = 36.0
radiusleft = 12.0
radiusright = 9.6
gatedistancethreshold = 25.0
loadertype = 3 3 2
airlinecodes = 
type = 3
handlingtexture = 
cateringtexture = 
passengerpaththickness = 2.0
passengerpaththickness_deboarding = 2.5
walkertype = GsxJetwayPassenger
walkerpaththickness = 2.5
walkerloopstart = 0
usercustomized = 1
this_parking_pos = 52.137247028048 15.7787971264286 154.625321655273
baggage_loader_front_pos = 52.1371408064593 15.7785654021528 64.625321655273
baggage_loader_rear_pos = 52.1374271972679 15.7784519889035 154.625321655273
baggage_train_front_pos = 52.1371204550735 15.7788051346007 -25.374678344727
baggage_train_rear_pos = 52.137099041752 15.7787317629069 -25.374678344727
stairs_front_pos = 52.1376209633299 15.7792210507458 154.625321655273
stairs_rear_pos = 52.137605707588 15.7791672560511 154.625321655273
parkingsystem_objectposition = 52.1369995388484 15.7789885120787 -25.374678344727 0
parkingsystem_stopposition = 52.1371472274237 15.7788742941609 154.625321655273
passengerentergatepos = (52.13718749151156, 15.778152849214399, 0.0)
passengerwaypoints = [(52.137484173312835, 15.778704561321756, 0.0), (52.13743137826537, 15.778525113575778, 0.0), (52.13735394562537, 15.778542172951273, 0.0), (52.137258152587904, 15.778420836955904, 0.0)]

