[general]
creator = dcby13

[gate 15]
nopassengerstairs = 0
nopassengerbus = 1
nopassengerbus_deboarding = 1
ignoreicaoprefixes = 0
ignorepreferredexit = 0
snapleftpushbackpos = 0
snaprightpushbackpos = 0
undergroundrefueling = 0
dontcreatejetways = 0
disablepaxbarriers = 0
disablepaxbarriers_deboarding = 0
parkingsystem = SafeDockTS24Screen
hasjetway = 1
pushback = 0
pushbacktype = 1
pushbackaddpos = [{'wws': 0, 'snap': False, 'approach': [(57.66945546564413, 12.294151606594589, 116.28976900751049), (57.66929828501398, 12.293075203564579, 26.049058837891007), None, None, None, None, None, None, None], 'pos': (57.6693658271, 12.2931366453, 26.0490588379), 'label': u'Nose Left - Facing NE on Apron'}, {'wws': 0, 'snap': False, 'approach': [(57.66945546574066, 12.294151607307493, 116.28981191034227), (57.67000934141989, 12.293723498719077, -153.95094116210916), None, None, None, None, None, None, None], 'pos': (57.6699417994, 12.2936620558, -153.950941162), 'label': u'Nose Right - Facing SW on Apron'}]
pushbacklabels = Nose Right/Tail Left (LEFT)|Nose Left/Tail Right (RIGHT)
wingwalkersleftpushback = 0
wingwalkersrightpushback = 0
wingwalkersquickpushback = 0
maxwingspan = 44.0
radiusleft = 22.0
radiusright = 17.6
gatedistancethreshold = 25.0
loadertype = 3 3 2
airlinecodes = 
type = 9
handlingtexture = 
cateringtexture = 
passengerpaththickness = 2.5
passengerpaththickness_deboarding = 2.5
walkertype = GsxJetwayPassenger
walkerpaththickness = 2.5
walkerloopstart = 0
usercustomized = 1
this_parking_pos = 57.6693584246131 12.2945190606085 116.289058837891
pushback_pos = 57.6692543589789 12.2949613926946 -63.7109411621091
parkingsystem_objectposition = 57.6691856474921 12.2951625313554 -63.710941162109 -0.292
baggage_loader_front_pos = 57.6690982235049 12.2945205274726 -13.710941162109
baggage_loader_rear_pos = 57.6690982871319 12.2944493008699 -13.710941162109
baggage_train_front_pos = 57.669163577518 12.2948563932514 -63.710941162109
baggage_train_rear_pos = 57.6691532794635 12.2947870913476 -63.710941162109

