[general]
creator = dcby13

[jetway_midpoints]
noolaero jetway essa t5ab = 0 17.8

[jetway_rootfloor_heights]
noolaero jetway essa t5ab = 4.20

[gate 7]
nopassengerstairs = 0
nopassengerbus = 1
nopassengerbus_deboarding = 1
ignoreicaoprefixes = 0
ignorepreferredexit = 0
snapleftpushbackpos = 0
snaprightpushbackpos = 0
undergroundrefueling = 1
dontcreatejetways = 0
disablepaxbarriers = 0
disablepaxbarriers_deboarding = 0
parkingsystem = SafeDockTS24Screen
hasjetway = 1
pushback = 0
pushbacktype = 2
pushbackaddpos = [{'label': 'Facing NW on Apron (NL)', 'pos': (59.652754226969066, 17.927949505136745, -28.45999755859414), 'snap': False, 'approach': [(59.653380606054746, 17.928449313751493, 100.54000499273745), (59.65302519743609, 17.927350455362685, -28.45999755859419), None, None, None, None, None, None, None, None, None, None, None, None, None, None, None, None, None, None, None], 'wws': 0, 'startEngines': 52.0}]
pushbacklabels = Nose Right/Tail Left (LEFT)|Nose Left/Tail Right (RIGHT)
wingwalkersleftpushback = 0
wingwalkersrightpushback = 0
wingwalkersquickpushback = 0
startenginesleftpushback = 0.0
startenginesrightpushback = 0.0
startenginesquickpushback = 0.0
maxwingspan = 66.0
radiusleft = 33.0
radiusright = 26.4
gatedistancethreshold = 25.0
loadertype = 3 3 2
airlinecodes = 
type = 10
passengerpaththickness = 2.5
passengerpaththickness_deboarding = 2.5
walkertype = GsxJetwayPassenger
walkerpaththickness = 2.5
walkerloopstart = 0
this_parking_pos = 59.6533543931372 17.9287284893426 100.540002441406
usercustomized = 1
parkingsystem_stopposition = 59.6532977841009 17.9293305344034 100.540002441406
handlingtexture = 
cateringtexture = 
pushback_pos = 59.6532695564724 17.9296245723815 -79.4599975585941
baggage_loader_front_pos = 59.6530538038075 17.9291379014423 10.5400024414059
baggage_loader_rear_pos = 59.6529628701652 17.9287201515522 -49.4599975585941
baggage_train_front_pos = 59.6532068301428 17.9294849708165 -79.459997558594
baggage_train_rear_pos = 59.6531353151867 17.9294132429078 -64.459997558594
parkingsystem_objectposition = 59.6532623999909 17.9296512939032 100.540002441406 -0.964000000000001

