[general]
creator = dcby13

[jetway_rootfloor_heights]
evra_jetway_002 = 5.20

[parking 105b]
nopassengerstairs = 1
nopassengerbus = 1
nopassengerbus_deboarding = 1
ignoreicaoprefixes = 0
ignorepreferredexit = 0
snapleftpushbackpos = 0
snaprightpushbackpos = 0
undergroundrefueling = 1
dontcreatejetways = 0
disablepaxbarriers = 0
disablepaxbarriers_deboarding = 0
parkingsystem = Marshaller
hasjetway = 1
pushback = 0
pushbacktype = 1
pushbackaddpos = [{'label': 'Facing W on Taxi T (NL)', 'pos': (56.92138433377473, 23.97577253826804, -84.87626182556154), 'snap': False, 'approach': [(56.92094466154485, 23.97734290765988, 5.123738446030138), (56.92133704268968, 23.97673644345916, -84.87626182556154), None, None, None, None, None, None, None, None, None, None, None, None, None, None, None, None, None, None, None], 'wws': 0, 'startEngines': 166.0}]
pushbacklabels = Nose Right/Tail Left (LEFT)|Nose Left/Tail Right (RIGHT)
wingwalkersleftpushback = 0
wingwalkersrightpushback = 0
wingwalkersquickpushback = 0
startenginesleftpushback = 0.0
startenginesrightpushback = 0.0
startenginesquickpushback = 0.0
maxwingspan = 41.0
radiusleft = 20.5
radiusright = 16.4
gatedistancethreshold = 25.0
loadertype = 3 3 2
airlinecodes = 
type = 9
handlingtexture = 
cateringtexture = 
passengerpaththickness = 2.5
passengerpaththickness_deboarding = 2.5
walkertype = GsxJetwayPassenger
walkerpaththickness = 2.5
walkerloopstart = 0
usercustomized = 1
this_parking_pos = 56.9218690650318 23.9774170704918 5.12373817443848
pushback_pos = 56.9220899648784 23.9774537013556 -174.876261825562
baggage_loader_front_pos = 56.9221243595206 23.9777672234829 -174.876261825562
baggage_loader_rear_pos = 56.9220188854502 23.9777522376805 -174.876261825562
baggage_train_front_pos = 56.9220406261632 23.9775846743023 -174.876261825562
baggage_train_rear_pos = 56.9220300704797 23.9776528454166 -174.876261825562
stairs_rear_pos = 56.922110290572 23.9770024212669 -174.876261825562
parkingsystem_objectposition = 56.9221696170566 23.9774046333705 175.27373817444 0
parkingsystem_stopposition = 56.9220156367175 23.9774411534479 5.12373817443848

