[general]
creator = dcby13

[gate n 1]
nopassengerstairs = 0
nopassengerbus = 1
nopassengerbus_deboarding = 1
ignoreicaoprefixes = 0
ignorepreferredexit = 0
snapleftpushbackpos = 0
snaprightpushbackpos = 0
undergroundrefueling = 1
dontcreatejetways = 0
disablepaxbarriers = 0
disablepaxbarriers_deboarding = 0
parkingsystem = SafeDockTS24Screen
hasjetway = 1
pushback = 0
pushbacktype = 2
pushbackaddpos = [{'wws': 0, 'snap': False, 'startEngines': 56.0, 'approach': [(27.941623710765988, -15.386535988683054, -68.83991641465708), (27.941761808799463, -15.385795535482245, -128.60000000000016), None, None, None, None, None, None, None], 'pos': (27.9412196303, -15.3860345587, -158.6), 'label': u'Facing S on Apron (NL)'}]
pushbacklabels = Nose Right/Tail Left (LEFT)|Nose Left/Tail Right (RIGHT)
wingwalkersleftpushback = 0
wingwalkersrightpushback = 0
wingwalkersquickpushback = 0
startenginesleftpushback = 0.0
startenginesrightpushback = 0.0
startenginesquickpushback = 0.0
maxwingspan = 86.0
radiusleft = 43.0
radiusright = 34.4
gatedistancethreshold = 25.0
loadertype = 3 3 2
airlinecodes = 
type = 15
handlingtexture = 
cateringtexture = 
passengerpaththickness = 2.5
passengerpaththickness_deboarding = 2.5
walkertype = GsxJetwayPassenger
walkerpaththickness = 2.5
walkerloopstart = 0
usercustomized = 1
this_parking_pos = 27.9417109625816 -15.3867909527741 -68.8399999999999
parkingsystem_objectposition = 27.9418935925166 -15.3873358006252 110.61 1.804
parkingsystem_stopposition = 27.9418014027415 -15.3870556542977 -68.8399999999999
pushback_pos = 27.9418336962157 -15.3871494063031 111.16
baggage_train_front_pos = 27.9420452889945 -15.387057632046 -173.84
baggage_loader_front_pos = 27.9420751538325 -15.3869345183624 -158.84
baggage_loader_rear_pos = 27.942135241798 -15.3868265488865 161.16
baggage_train_rear_pos = 27.9420649238793 -15.3870238306647 -173.84

