[general]
creator = dcby13

[jetway_rootfloor_heights]
kama_jetway = 4.25

[gate 6]
nopassengerstairs = 1
nopassengerbus = 1
nopassengerbus_deboarding = 1
ignoreicaoprefixes = 0
ignorepreferredexit = 0
snapleftpushbackpos = 0
snaprightpushbackpos = 0
undergroundrefueling = 0
dontcreatejetways = 0
disablepaxbarriers = 0
disablepaxbarriers_deboarding = 0
parkingsystem = Marshaller
hasjetway = 1
pushback = 0
pushbacktype = 1
pushbackaddpos = [{'label': 'Facing NW on Apron', 'pos': (35.22071716637813, -101.70559280139726, -43.95507270507944), 'snap': False, 'approach': [(35.21984001940998, -101.7056664996172, -175.0382713656965), (35.22032769182685, -101.70513570398846, -73.83507270508018), None, None, None, None, None, None, None, None, None, None, None, None, None, None, None, None, None, None, None], 'wws': 0, 'startEngines': 98.0}]
pushbacklabels = Nose Right/Tail Left (LEFT)|Nose Left/Tail Right (RIGHT)
wingwalkersleftpushback = 0
wingwalkersrightpushback = 0
wingwalkersquickpushback = 0
startenginesleftpushback = 0.0
startenginesrightpushback = 0.0
startenginesquickpushback = 0.0
maxwingspan = 44.0
radiusleft = 22.0
radiusright = 17.6
gatedistancethreshold = 25.0
loadertype = 3 3 2
airlinecodes = SWA
type = 9
handlingtexture = WN_WHITE
cateringtexture = SWA
passengerpaththickness = 2.5
passengerpaththickness_deboarding = 2.5
walkertype = GsxJetwayPassenger
walkerpaththickness = 2.5
walkerloopstart = 0
usercustomized = 1
this_parking_pos = 35.2197402993468 -101.705677170962 -175.038272705079
pushback_pos = 35.2195256837799 -101.705699875618 4.96172729492096
baggage_loader_front_pos = 35.2195599244423 -101.705831397523 49.961727294921
baggage_loader_rear_pos = 35.2195934849961 -101.705846471557 49.961727294921
baggage_train_front_pos = 35.2195044390151 -101.705752177185 4.96172729492099
baggage_train_rear_pos = 35.219530795498 -101.705791945841 4.96172729492099
stairs_rear_pos = 35.2195675941439 -101.705538885609 4.96172729492081
parkingsystem_objectposition = 35.2194445627501 -101.705674173311 -2.28827270507937 0
parkingsystem_stopposition = 35.2196052259631 -101.705691536295 -175.038272705079

