[general]
creator = dcby13

[jetway_rootfloor_heights]
kaus_jetway = 4.25 # 5.80

[gate 21]
nopassengerstairs = 0
nopassengerbus = 1
nopassengerbus_deboarding = 1
ignoreicaoprefixes = 0
ignorepreferredexit = 0
snapleftpushbackpos = 0
snaprightpushbackpos = 0
undergroundrefueling = 0
dontcreatejetways = 0
disablepaxbarriers = 0
disablepaxbarriers_deboarding = 0
parkingsystem = Marshaller
hasjetway = 1
pushback = 0
pushbacktype = 1
pushbackaddpos = [{'snap': False, 'approach': [(30.20115880618897, -97.66769500951808, 15.730086059570315), (30.2006183932083, -97.66745531992018, -86.02991394043), None, None, None, None, None, None, None], 'pos': (30.2006204721, -97.6674891798, -86.0299139404), 'label': u'Nose Left - Facing W on Taxi C1'}, {'snap': False, 'approach': [(30.20115880618897, -97.66769500951808, 15.730086059570315), (30.200730921997188, -97.66820014759453, 104.53008605957034), None, None, None, None, None, None, None], 'pos': (30.2007233889, -97.6681672918, 104.53008606), 'label': u'Nose Right - Facing E on Taxi C1'}]
pushbacklabels = Nose Right/Tail Left (LEFT)|Nose Left/Tail Right (RIGHT)
maxwingspan = 44.0
radiusleft = 22.0
radiusright = 17.6
gatedistancethreshold = 25.0
loadertype = 3 3 2
airlinecodes = 
type = 9
handlingtexture = 
cateringtexture = 
passengerpaththickness = 2.5
passengerpaththickness_deboarding = 2.5
walkertype = GsxJetwayPassenger
walkerpaththickness = 2.5
walkerloopstart = 0
usercustomized = 1
this_parking_pos = 30.201363802965 -97.6676267821009 15.6500860595703
pushback_pos = 30.201628676202 -97.6675868258658 150.65008605957
parkingsystem_objectposition = 30.2016074979464 -97.6675485508382 -164.26991394043 0
baggage_loader_front_pos = 30.2014886243031 -97.6674115784935 -114.26991394043
baggage_loader_rear_pos = 30.2014496445779 -97.6674017612043 -114.26991394043
baggage_train_front_pos = 30.2015407203726 -97.6674292286449 -171.569913940431
baggage_train_rear_pos = 30.2015552422045 -97.6673786266771 -169.06991394043

