[general]
creator = dcby13

[jetway_rootfloor_heights]
kbna_jetway = 4.25

[gate c 22]
nopassengerstairs = 1
nopassengerbus = 1
nopassengerbus_deboarding = 1
ignoreicaoprefixes = 0
ignorepreferredexit = 0
snapleftpushbackpos = 0
snaprightpushbackpos = 0
undergroundrefueling = 1
dontcreatejetways = 0
disablepaxbarriers = 0
disablepaxbarriers_deboarding = 0
parkingsystem = Marshaller
hasjetway = 1
pushback = 0
pushbacktype = 1
pushbackaddpos = [{'label': 'Facing SE on Taxi Y2 (NL)', 'pos': (36.12824381815349, -86.66789800080288, 141.18483398437525), 'snap': False, 'approach': [(36.129015610005005, -86.66879573126135, 163.7448343746393), (36.128573557129826, -86.66828142225259, 131.34483398437487), None, None, None, None, None, None, None, None, None, None, None, None, None, None, None, None, None, None, None], 'wws': 0, 'startEngines': 35.0}]
pushbacklabels = Nose Right/Tail Left (LEFT)|Nose Left/Tail Right (RIGHT)
wingwalkersleftpushback = 0
wingwalkersrightpushback = 0
wingwalkersquickpushback = 0
startenginesleftpushback = 0.0
startenginesrightpushback = 0.0
startenginesquickpushback = 0.0
maxwingspan = 44.0
radiusleft = 22.0
radiusright = 17.6
gatedistancethreshold = 25.0
loadertype = 3 3 2
airlinecodes = 
type = 9
handlingtexture = 
cateringtexture = 
passengerpaththickness = 2.5
passengerpaththickness_deboarding = 2.5
walkertype = GsxJetwayPassenger
walkerpaththickness = 2.5
walkerloopstart = 0
usercustomized = 1
this_parking_pos = 36.1286075267937 -86.6691668400021 -106.255166015625
pushback_pos = 36.1285195145139 -86.6694480207646 58.744833984375
baggage_loader_front_pos = 36.128700448899 -86.6694146183298 123.744833984375
baggage_loader_rear_pos = 36.1287384039806 -86.6693580606239 73.744833984375
baggage_train_rear_pos = 36.1286566025704 -86.6694594191856 73.744833984375
stairs_rear_pos = 36.1283921778071 -86.6692398707854 73.744833984375
parkingsystem_stopposition = 36.1285649704572 -86.6693475836384 -106.255166015625

