[general]
creator = dcby13

[jetway_rootfloor_heights]
kboi_jetway = 3.65

[gate b 17]
nopassengerstairs = 1
nopassengerbus = 1
nopassengerbus_deboarding = 1
ignoreicaoprefixes = 0
ignorepreferredexit = 0
snapleftpushbackpos = 0
snaprightpushbackpos = 0
undergroundrefueling = 0
dontcreatejetways = 0
disablepaxbarriers = 0
disablepaxbarriers_deboarding = 0
parkingsystem = Marshaller
hasjetway = 1
pushback = 0
pushbacktype = 1
pushbackaddpos = [{'label': 'Facing NW on Apron (NL)', 'pos': (43.56626792179849, -116.21972651906381, -64.89676270141675), 'snap': False, 'approach': [(43.5667768936419, -116.21987202601083, 31.66963737326366), (43.56622972823888, -116.21961500062054, -64.89676270141675), None, None, None, None, None, None, None, None, None, None, None, None, None, None, None, None, None, None, None], 'wws': 0, 'startEngines': 32.0}, {'label': 'Facing SE on Apron (NR)', 'pos': (43.566171968249314, -116.21944463104484, 115.08403729858394), 'snap': False, 'approach': [(43.56677689364125, -116.21987202600924, 31.66963742042674), (43.5664963174311, -116.22039696587667, 100.08403729858394), None, None, None, None, None, None, None, None, None, None, None, None, None, None, None, None, None, None, None], 'wws': 0, 'startEngines': 32.0}]
pushbacklabels = Nose Right/Tail Left (LEFT)|Nose Left/Tail Right (RIGHT)
wingwalkersleftpushback = 0
wingwalkersrightpushback = 0
wingwalkersquickpushback = 0
startenginesleftpushback = 0.0
startenginesrightpushback = 0.0
startenginesquickpushback = 0.0
maxwingspan = 44.0
radiusleft = 22.0
radiusright = 17.6
gatedistancethreshold = 25.0
loadertype = 3 3 2
airlinecodes = SWA
type = 9
handlingtexture = WN_WHITE
cateringtexture = SWA
passengerpaththickness = 2.5
passengerpaththickness_deboarding = 2.5
walkertype = GsxJetwayPassenger
walkerpaththickness = 2.5
walkerloopstart = 0
usercustomized = 1
this_parking_pos = 43.5668707008841 -116.219791788224 31.669637298584
pushback_pos = 43.5670683368823 -116.21962411924 -148.330362701416
baggage_loader_front_pos = 43.5669808692897 -116.219510301279 -98.330362701416
baggage_loader_rear_pos = 43.566818026172 -116.219543270554 -148.330362701416
baggage_train_front_pos = 43.5670312411882 -116.219570653773 -148.330362701416
baggage_train_rear_pos = 43.5669028814918 -116.219489607118 -148.330362701416
stairs_rear_pos = 43.5670846419572 -116.219962249049 -148.330362701416
parkingsystem_objectposition = 43.5671400868001 -116.219516887215 -141.230362701417 0
parkingsystem_stopposition = 43.5670159971013 -116.21966811516 31.669637298584

