[general]
creator = dcby13

[gate a 5]
nopassengerstairs = 0
nopassengerbus = 1
nopassengerbus_deboarding = 1
ignoreicaoprefixes = 0
ignorepreferredexit = 0
snapleftpushbackpos = 0
snaprightpushbackpos = 0
undergroundrefueling = 0
dontcreatejetways = 0
disablepaxbarriers = 0
disablepaxbarriers_deboarding = 0
parkingsystem = Marshaller
hasjetway = 0
pushback = 0
pushbacktype = 2
pushbackaddpos = [{'label': 'Facing E on Apron (NL)', 'pos': (34.19717457927719, -118.35132452205416, 90.91603325195291), 'snap': False, 'approach': [None, None, None, None, None, None, None, None, None, None, None, None, None, None, None, None, None, None, None, None, None], 'wws': 0, 'startEngines': 26.0}, {'label': 'Facing W on Apron (NR)', 'pos': (34.197166751603625, -118.35078092951883, -88.99276674804709), 'snap': False, 'approach': [None, None, None, None, None, None, None, None, None, None, None, None, None, None, None, None, None, None, None, None, None], 'wws': 0, 'startEngines': 26.0}]
pushbacklabels = Nose Right/Tail Left (LEFT)|Nose Left/Tail Right (RIGHT)
wingwalkersleftpushback = 0
wingwalkersrightpushback = 0
wingwalkersquickpushback = 0
startenginesleftpushback = 0.0
startenginesrightpushback = 0.0
startenginesquickpushback = 0.0
maxwingspan = 40.0
radiusleft = 20.0
radiusright = 16.0
gatedistancethreshold = 25.0
loadertype = 3 3 2
airlinecodes = SWA
type = 4
handlingtexture = WN_WHITE
cateringtexture = SWA
passengerpaththickness = 1.5
passengerpaththickness_deboarding = 2.5
walkertype = GsxJetwayPassenger
walkerpaththickness = 2.5
walkerloopstart = 0
usercustomized = 1
this_parking_pos = 34.1967970353795 -118.351060518288 -179.007166748047
pushback_pos = 34.1966275783863 -118.351064052424 0.992833251953032
baggage_loader_front_pos = 34.1966749990892 -118.351351700215 90.992833251953
baggage_loader_rear_pos = 34.1967218095191 -118.351342959153 50.992833251953
baggage_train_front_pos = 34.1966114816421 -118.351323726839 90.992833251953
baggage_train_rear_pos = 34.1966413517197 -118.35133178494 90.992833251953
stairs_front_pos = 34.1966264185521 -118.35089116538 -59.0071667480471
stairs_rear_pos = 34.19669246292 -118.35087389169 0.992833251952879
parkingsystem_objectposition = 34.1965524814857 -118.351031745103 -9.75716674804891 0
parkingsystem_stopposition = 34.196656062231 -118.351063473345 -179.007166748047
passengerentergatepos = (34.196536616350485, -118.35089362096292, 0.0)
passengerwaypoints = [(34.196606080494945, -118.35092245397682, 0.0)]

