[general]
creator = dcby13

[jetway_rootfloor_heights]
lvfr_kbwi_jetway = 4.00

[gate c 4]
nopassengerstairs = 1
nopassengerbus = 1
nopassengerbus_deboarding = 1
ignoreicaoprefixes = 0
ignorepreferredexit = 0
snapleftpushbackpos = 0
snaprightpushbackpos = 0
undergroundrefueling = 0
dontcreatejetways = 0
disablepaxbarriers = 0
disablepaxbarriers_deboarding = 0
parkingsystem = Marshaller
hasjetway = 1
pushback = 0
pushbacktype = 1
pushbackaddpos = [{'snap': False, 'approach': [(39.177866755392174, -76.66819747228318, 54.387667388916), (39.17776564466289, -76.6688464616179, 119.48846844766094), (39.17728217666505, -76.66839617823828, 144.147667388916), None, None, None, None, None, None], 'pos': (39.1770718332, -76.6682012231, 144.147667389), 'label': 'Facing SE on Apron (NR)', 'wws': 0, 'startEngines': 42.0}]
pushbacklabels = Nose Right/Tail Left (LEFT)|Nose Left/Tail Right (RIGHT)
maxwingspan = 40.0
radiusleft = 20.0
radiusright = 16.0
gatedistancethreshold = 25.0
loadertype = 3 3 2
airlinecodes = 
type = 9
handlingtexture = 
cateringtexture = 
passengerpaththickness = 2.5
passengerpaththickness_deboarding = 2.5
walkertype = GsxJetwayPassenger
walkerpaththickness = 2.5
walkerloopstart = 0
usercustomized = 1
this_parking_pos = 39.1779668644367 -76.6680167841155 54.387667388916
pushback_pos = 39.1781361297481 -76.6677764860391 -140.612332611084
baggage_loader_front_pos = 39.1779578602765 -76.6677485556947 -75.612332611084
baggage_loader_rear_pos = 39.1778107847333 -76.6678521329216 -125.612332611084
baggage_train_front_pos = 39.1780050240925 -76.6677395883387 -108.812332611084
baggage_train_rear_pos = 39.177841329725 -76.667698789192 -125.612332611084
parkingsystem_objectposition = 39.1781488262317 -76.6676890124555 -125.612332611084 0
wingwalkersleftpushback = 0
wingwalkersrightpushback = 0
wingwalkersquickpushback = 0
startenginesleftpushback = 0.0
startenginesrightpushback = 0.0
startenginesquickpushback = 0.0
stairs_rear_pos = 39.1782624552815 -76.6680231684195 -125.612332611084
parkingsystem_stopposition = 39.1780433334264 -76.6678789593569 54.387667388916

