[general]
creator = dcby13

[jetway_rootfloor_heights]
kbzn_jetway = 5.50

[gate b 6]
nopassengerstairs = 1
nopassengerbus = 1
nopassengerbus_deboarding = 1
ignoreicaoprefixes = 0
ignorepreferredexit = 0
snapleftpushbackpos = 0
snaprightpushbackpos = 0
undergroundrefueling = 0
dontcreatejetways = 0
disablepaxbarriers = 0
disablepaxbarriers_deboarding = 0
parkingsystem = Marshaller
hasjetway = 1
pushback = 0
pushbacktype = 1
pushbackaddpos = [{'label': 'Facing NE on Taxi T', 'pos': (45.781066897022576, -111.16329668961242, 45.84337954101595), 'snap': False, 'approach': [None, None, None, None, None, None, None, None, None, None, None, None, None, None, None, None, None, None, None, None, None], 'wws': 0, 'startEngines': 73.0}]
pushbacklabels = Nose Right/Tail Left (LEFT)|Nose Left/Tail Right (RIGHT)
wingwalkersleftpushback = 0
wingwalkersrightpushback = 0
wingwalkersquickpushback = 0
startenginesleftpushback = 0.0
startenginesrightpushback = 0.0
startenginesquickpushback = 0.0
maxwingspan = 44.0
radiusleft = 22.0
radiusright = 17.6
gatedistancethreshold = 25.0
loadertype = 3 3 2
airlinecodes = 
type = 9
passengerpaththickness = 2.5
passengerpaththickness_deboarding = 2.5
walkertype = GsxJetwayPassenger
walkerpaththickness = 2.5
walkerloopstart = 0
this_parking_pos = 45.7805475465387 -111.162732086515 -159.342220458984
usercustomized = 1
parkingsystem_stopposition = 45.7803829683582 -111.162821031888 -159.342220458984
handlingtexture = 
cateringtexture = 
pushback_pos = 45.7803286625075 -111.162850030925 20.657779541016
baggage_loader_front_pos = 45.7804428140693 -111.16301034584 70.657779541016
baggage_loader_rear_pos = 45.7804883111406 -111.163012533158 70.657779541016
baggage_train_front_pos = 45.7803679610421 -111.162917354741 20.657779541016
baggage_train_rear_pos = 45.7803905495386 -111.162977466994 20.657779541016
stairs_rear_pos = 45.7802643534251 -111.162658012353 20.657779541016
parkingsystem_objectposition = 45.7802252095689 -111.162863393141 13.5077795410158 0

