[general]
creator = dcby13

[gate 35]
nopassengerstairs = 0
nopassengerbus = 1
nopassengerbus_deboarding = 1
ignoreicaoprefixes = 0
ignorepreferredexit = 0
snapleftpushbackpos = 0
snaprightpushbackpos = 0
undergroundrefueling = 0
dontcreatejetways = 0
disablepaxbarriers = 0
disablepaxbarriers_deboarding = 0
parkingsystem = Marshaller
hasjetway = 1
pushback = 0
pushbacktype = 1
pushbackaddpos = [{'snap': False, 'approach': [(39.99667943600505, -82.87987751198396, -39.73402671387456), (39.99600400720645, -82.87992103968756, 94.55213989257794), None, None, None, None, None, None, None], 'pos': (39.9960016419, -82.8798829653, 94.5521398926), 'label': u'Nose Right - Facing E on Apron'}, {'snap': False, 'approach': [(39.99667941879335, -82.87987753234272, -39.73009404063324), (39.996683553574215, -82.87910735565211, -175.92786010742236), None, None, None, None, None, None, None], 'pos': (39.9966538253, -82.879110068, -175.927860107), 'label': u'Nose Left - Facing S on Apron'}]
pushbacklabels = Nose Right/Tail Left (LEFT)|Nose Left/Tail Right (RIGHT)
maxwingspan = 44.0
radiusleft = 22.0
radiusright = 17.6
gatedistancethreshold = 25.0
loadertype = 3 3 2
airlinecodes = 
type = 9
handlingtexture = 
cateringtexture = 
passengerpaththickness = 2.5
passengerpaththickness_deboarding = 2.5
walkertype = GsxJetwayPassenger
walkerpaththickness = 2.5
walkerloopstart = 0
usercustomized = 1
this_parking_pos = 39.9968415807356 -82.8800536162103 -39.7278601074221
parkingsystem_objectposition = 39.9971061971291 -82.8803331263572 140.912139892578 0
pushback_pos = 39.9970099539536 -82.8802851387608 98.8721398925779
baggage_loader_front_pos = 39.9970055509718 -82.8801100406994 -129.727860107422
baggage_loader_rear_pos = 39.9969829106426 -82.8798543293587 -174.727860107422
baggage_train_front_pos = 39.9970884777305 -82.8803490660906 95.2721398925779
baggage_train_rear_pos = 39.9971545621827 -82.8803544413988 95.2721398925779

