[general]
creator = dcby13

[jetway_rootfloor_heights]
kdal_jetway = 4.70

[gate 12]
nopassengerstairs = 1
nopassengerbus = 1
nopassengerbus_deboarding = 1
ignoreicaoprefixes = 0
ignorepreferredexit = 0
snapleftpushbackpos = 0
snaprightpushbackpos = 0
undergroundrefueling = 1
dontcreatejetways = 0
disablepaxbarriers = 0
disablepaxbarriers_deboarding = 0
parkingsystem = Marshaller
hasjetway = 1
pushback = 0
pushbacktype = 2
pushbackaddpos = [{'label': 'Facing E on Taxi Q (NL)', 'pos': (32.84744798888297, -96.85024582513775, 90.58580683593705), 'snap': False, 'approach': [(32.846766750238224, -96.85041693268433, 180.55700650753525), (32.847452601018084, -96.85077946110138, 105.58580683593706), None, None, None, None, None, None, None, None, None, None, None, None, None, None, None, None, None, None, None], 'wws': 0, 'startEngines': 37.0}, {'label': 'Facing W on Taxi Q (NR)', 'pos': (32.847446012531485, -96.85003425939391, -89.44299316406314), 'snap': False, 'approach': [(32.84676675023739, -96.850416932672, 180.55700679627486), (32.84744557155514, -96.8499812968849, -89.44299316406314), None, None, None, None, None, None, None, None, None, None, None, None, None, None, None, None, None, None, None], 'wws': 0, 'startEngines': 37.0}]
pushbacklabels = Nose Right/Tail Left (LEFT)|Nose Left/Tail Right (RIGHT)
wingwalkersleftpushback = 0
wingwalkersrightpushback = 0
wingwalkersquickpushback = 0
startenginesleftpushback = 0.0
startenginesrightpushback = 0.0
startenginesquickpushback = 0.0
maxwingspan = 44.0
radiusleft = 22.0
radiusright = 17.6
gatedistancethreshold = 25.0
loadertype = 3 3 2
airlinecodes = 
type = 9
handlingtexture = 
cateringtexture = 
passengerpaththickness = 2.5
passengerpaththickness_deboarding = 2.5
walkertype = GsxJetwayPassenger
walkerpaththickness = 2.5
walkerloopstart = 0
usercustomized = 1
this_parking_pos = 32.8465127624586 -96.8504198719571 -179.442993164063
pushback_pos = 32.8462936599114 -96.850422395309 0.557006835936981
baggage_loader_front_pos = 32.8463553152584 -96.850590399886 60.557006835937
baggage_loader_rear_pos = 32.8464019674981 -96.8506290284349 15.557006835937
baggage_train_front_pos = 32.8463127321784 -96.850504858962 0.557006835936988
baggage_train_rear_pos = 32.8463184541814 -96.8505428232542 0.557006835936988
stairs_rear_pos = 32.8463034617301 -96.8501883337532 0.557006835936932
parkingsystem_objectposition = 32.8462293386912 -96.8503830961343 -11.1929931640651 0
parkingsystem_stopposition = 32.8463508231958 -96.8504217457722 -179.442993164063

