[general]
creator = dcby13

[jetway_rootfloor_heights]
dd_kdca_jetway_a04 = 4.15

[gate a 4]
nopassengerstairs = 0
nopassengerbus = 1
nopassengerbus_deboarding = 1
ignoreicaoprefixes = 0
ignorepreferredexit = 0
snapleftpushbackpos = 0
snaprightpushbackpos = 0
undergroundrefueling = 0
dontcreatejetways = 0
disablepaxbarriers = 0
disablepaxbarriers_deboarding = 0
parkingsystem = Marshaller
hasjetway = 1
pushback = 0
pushbacktype = 1
pushbackaddpos = [{'label': 'Facing SE on Taxi P (NR)', 'pos': (38.845744087499, -77.0433543574899, 133.45220092773422), 'snap': False, 'approach': [(38.846401820636885, -77.04347950615855, 62.29220006233019), (38.846440452692825, -77.04417653517866, 118.45220092773422), None, None, None, None, None, None, None, None, None, None, None, None, None, None, None, None, None, None, None], 'wws': 0, 'startEngines': 38.0}]
pushbacklabels = Nose Right/Tail Left (LEFT)|Nose Left/Tail Right (RIGHT)
wingwalkersleftpushback = 0
wingwalkersrightpushback = 0
wingwalkersquickpushback = 0
startenginesleftpushback = 0.0
startenginesrightpushback = 0.0
startenginesquickpushback = 0.0
maxwingspan = 36.0
radiusleft = 18.0
radiusright = 14.4
gatedistancethreshold = 25.0
loadertype = 3 3 2
airlinecodes = 
type = 8
handlingtexture = 
cateringtexture = 
passengerpaththickness = 2.5
passengerpaththickness_deboarding = 2.5
walkertype = GsxJetwayPassenger
walkerpaththickness = 2.5
walkerloopstart = 0
usercustomized = 1
this_parking_pos = 38.8464662271979 -77.0433214932776 62.2922009277344
pushback_pos = 38.8465727954349 -77.0430962631855 -132.707799072266
baggage_loader_front_pos = 38.8464259805093 -77.043045495195 -67.7077990722656
baggage_loader_rear_pos = 38.8464024694366 -77.0430672162564 -67.7077990722656
baggage_train_front_pos = 38.846523077961 -77.04304184079 -117.707799072266
baggage_train_rear_pos = 38.8464867956075 -77.0430177096947 -117.707799072266
stairs_rear_pos = 38.8466966080963 -77.043254483403 -117.707799072266
parkingsystem_objectposition = 38.8466227411019 -77.0429390539964 -117.707799072266 0
parkingsystem_stopposition = 38.8465326289202 -77.0431591178419 62.2922009277344

