[general]
creator = dcby13

[jetway_rootfloor_heights]
xcd_kden_jetway = 5.00

[gate a 42]
nopassengerstairs = 1
nopassengerbus = 1
nopassengerbus_deboarding = 1
ignoreicaoprefixes = 0
ignorepreferredexit = 0
snapleftpushbackpos = 0
snaprightpushbackpos = 0
undergroundrefueling = 1
dontcreatejetways = 0
disablepaxbarriers = 0
disablepaxbarriers_deboarding = 0
parkingsystem = Marshaller
hasjetway = 1
pushback = 3
pushbacktype = 0
pushbackaddpos = []
pushbacklabels = Nose Right/Tail Left (LEFT)|Nose Left/Tail Right (RIGHT)
maxwingspan = 40.0
radiusleft = 20.0
radiusright = 16.0
gatedistancethreshold = 25.0
loadertype = 3 3 2
airlinecodes = 
type = 9
handlingtexture = 
cateringtexture = 
passengerpaththickness = 2.5
passengerpaththickness_deboarding = 2.5
walkertype = GsxJetwayPassenger
walkerpaththickness = 2.5
walkerloopstart = 0
usercustomized = 1
this_parking_pos = 39.8532925186846 -104.672533434484 -0.168020019531314
parkingsystem_objectposition = 39.8536050099485 -104.672535165133 179.591979980469 0
parkingsystem_stopposition = 39.8534386871903 -104.672534128651 -0.308020019531255
pushback_pos = 39.8535464612367 -104.67264201133 119.831979980469
baggage_loader_front_pos = 39.8533751995172 -104.672294855569 -60.1680200195314
baggage_loader_rear_pos = 39.853164359873 -104.672269882694 -90.1680200195314
baggage_train_front_pos = 39.8535658754287 -104.672435621178 179.831979980469
baggage_train_rear_pos = 39.8535653977011 -104.672408743878 179.831979980469

[gate c 43]
nopassengerstairs = 1
nopassengerbus = 1
nopassengerbus_deboarding = 1
ignoreicaoprefixes = 0
ignorepreferredexit = 0
snapleftpushbackpos = 0
snaprightpushbackpos = 0
undergroundrefueling = 1
dontcreatejetways = 0
disablepaxbarriers = 0
disablepaxbarriers_deboarding = 0
parkingsystem = Marshaller
hasjetway = 1
pushback = 0
pushbacktype = 1
pushbackaddpos = [{'snap': False, 'approach': [(39.863789671162074, -104.67258927365059, 179.88001525878897), (39.864122874806505, -104.6723129606321, -89.3999847412111), None, None, None, None, None, None, None], 'pos': (39.864122706, -104.672291479, -89.3999847412), 'label': u'Nose Right - Facing W on Taxi CN'}, {'snap': False, 'approach': [(39.863789671162074, -104.67258927365059, 179.88001525878897), (39.864126444632305, -104.67286718440154, 90.60001525878897), None, None, None, None, None, None, None], 'pos': (39.8641266136, -104.672888666, 90.6000152588), 'label': u'Nose Left - Facing E on Taxi CN'}]
pushbacklabels = Nose Right/Tail Left (LEFT)|Nose Left/Tail Right (RIGHT)
maxwingspan = 44.0
radiusleft = 22.0
radiusright = 17.6
gatedistancethreshold = 25.0
loadertype = 3 3 2
airlinecodes = 
type = 9
handlingtexture = 
cateringtexture = 
passengerpaththickness = 2.5
passengerpaththickness_deboarding = 2.5
walkertype = GsxJetwayPassenger
walkerpaththickness = 2.5
walkerloopstart = 0
usercustomized = 1
this_parking_pos = 39.8636150048889 -104.672588796618 179.880015258789
pushback_pos = 39.8633257760294 -104.672619735579 -0.11998474121096
baggage_loader_front_pos = 39.863460406385 -104.672758916817 89.8800152587891
baggage_loader_rear_pos = 39.8637047004731 -104.672837106126 179.880015258789
baggage_train_front_pos = 39.8633522908189 -104.672718275582 -0.11998474121096
baggage_train_rear_pos = 39.8634009197035 -104.672845330998 -0.11998474121096
parkingsystem_objectposition = 39.8632816004804 -104.672587886762 -0.11998474121096 0

