[general]
creator = dcby13

[jetway_rootfloor_heights]
xcd_kden_jetway = 5.10

[gate a 42]
nopassengerstairs = 1
nopassengerbus = 1
nopassengerbus_deboarding = 1
ignoreicaoprefixes = 0
ignorepreferredexit = 0
snapleftpushbackpos = 0
snaprightpushbackpos = 0
undergroundrefueling = 1
dontcreatejetways = 0
disablepaxbarriers = 0
disablepaxbarriers_deboarding = 0
parkingsystem = Marshaller
hasjetway = 1
pushback = 3
pushbacktype = 0
pushbackaddpos = []
pushbacklabels = Nose Right/Tail Left (LEFT)|Nose Left/Tail Right (RIGHT)
maxwingspan = 40.0
radiusleft = 20.0
radiusright = 16.0
gatedistancethreshold = 25.0
loadertype = 3 3 2
airlinecodes = 
type = 9
handlingtexture = 
cateringtexture = 
passengerpaththickness = 2.5
passengerpaththickness_deboarding = 2.5
walkertype = GsxJetwayPassenger
walkerpaththickness = 2.5
walkerloopstart = 0
usercustomized = 1
this_parking_pos = 39.8532925186846 -104.672533434484 -0.168020019531314
parkingsystem_objectposition = 39.8536050099485 -104.672535165133 179.591979980469 0
parkingsystem_stopposition = 39.8534386871903 -104.672534128651 -0.308020019531255
pushback_pos = 39.8535464612367 -104.67264201133 119.831979980469
baggage_loader_front_pos = 39.8533751995172 -104.672294855569 -60.1680200195314
baggage_loader_rear_pos = 39.853164359873 -104.672269882694 -90.1680200195314
baggage_train_front_pos = 39.8535658754287 -104.672435621178 179.831979980469
baggage_train_rear_pos = 39.8535653977011 -104.672408743878 179.831979980469

[gate c 43]
nopassengerstairs = 1
nopassengerbus = 1
nopassengerbus_deboarding = 1
ignoreicaoprefixes = 0
ignorepreferredexit = 0
snapleftpushbackpos = 0
snaprightpushbackpos = 0
undergroundrefueling = 1
dontcreatejetways = 0
disablepaxbarriers = 0
disablepaxbarriers_deboarding = 0
parkingsystem = Marshaller
hasjetway = 1
pushback = 0
pushbacktype = 1
pushbackaddpos = [{'snap': False, 'approach': [(39.863789671162074, -104.67258927365059, 179.88001525878897), (39.86412193165064, -104.67219609392048, -89.3999847412111), None, None, None, None, None, None, None], 'pos': (39.864122706, -104.672291479, -89.3999847412), 'label': 'Facing W on Taxi CN (NR)', 'wws': 0, 'startEngines': 42.0}, {'snap': False, 'approach': [(39.863789671162074, -104.67258927365059, 179.88001525878897), (39.86412738778817, -104.67298405111883, 90.60001525878897), None, None, None, None, None, None, None], 'pos': (39.8641266136, -104.672888666, 90.6000152588), 'label': 'Facing E on Taxi CN (NL)', 'wws': 0, 'startEngines': 42.0}]
pushbacklabels = Nose Right/Tail Left (LEFT)|Nose Left/Tail Right (RIGHT)
maxwingspan = 44.0
radiusleft = 22.0
radiusright = 17.6
gatedistancethreshold = 25.0
loadertype = 3 3 2
airlinecodes = 
type = 9
handlingtexture = 
cateringtexture = 
passengerpaththickness = 2.5
passengerpaththickness_deboarding = 2.5
walkertype = GsxJetwayPassenger
walkerpaththickness = 2.5
walkerloopstart = 0
usercustomized = 1
this_parking_pos = 39.8636149968731 -104.672593763678 -179.799984741211
pushback_pos = 39.8633708475978 -104.672595314918 -0.11998474121096
baggage_loader_front_pos = 39.863460406385 -104.672758916817 89.8800152587891
baggage_loader_rear_pos = 39.8637047004731 -104.672837106126 179.880015258789
baggage_train_front_pos = 39.8633811075017 -104.672720691332 -0.11998474121096
baggage_train_rear_pos = 39.8634117669812 -104.672820817324 -0.11998474121096
parkingsystem_objectposition = 39.8632815415411 -104.672624409086 6.6500152587889 0
wingwalkersleftpushback = 0
wingwalkersrightpushback = 0
wingwalkersquickpushback = 0
startenginesleftpushback = 0.0
startenginesrightpushback = 0.0
startenginesquickpushback = 0.0
stairs_rear_pos = 39.8634071746976 -104.67234342814 0.200015258788987
parkingsystem_stopposition = 39.8634361669348 -104.672594576651 -179.799984741211

