[general]
creator = dcby13

[jetway_rootfloor_heights]
imaginesim-jetwayf = 4.15

[gate e 13]
nopassengerstairs = 1
nopassengerbus = 1
nopassengerbus_deboarding = 1
ignoreicaoprefixes = 0
ignorepreferredexit = 0
snapleftpushbackpos = 0
snaprightpushbackpos = 0
undergroundrefueling = 1
dontcreatejetways = 0
disablepaxbarriers = 0
disablepaxbarriers_deboarding = 0
parkingsystem = SafeDockTS24Screen
hasjetway = 1
pushback = 0
pushbacktype = 1
pushbackaddpos = [{'label': 'Facing SE on Apron (NL)', 'pos': (32.89215390006925, -97.03480229892807, 152.8071236328117), 'snap': False, 'approach': [(32.891764641987635, -97.03515162473101, -109.26325923787421), (32.8922343386251, -97.03485093562563, 152.8071236328117), None, None, None, None, None, None, None, None, None, None, None, None, None, None, None, None, None, None, None], 'wws': 0, 'startEngines': 33.0}]
pushbacklabels = Nose Right/Tail Left (LEFT)|Nose Left/Tail Right (RIGHT)
wingwalkersleftpushback = 0
wingwalkersrightpushback = 0
wingwalkersquickpushback = 0
startenginesleftpushback = 0.0
startenginesrightpushback = 0.0
startenginesquickpushback = 0.0
maxwingspan = 36.0
radiusleft = 18.0
radiusright = 14.4
gatedistancethreshold = 25.0
loadertype = 3 3 2
airlinecodes = 
type = 8
handlingtexture = 
cateringtexture = 
passengerpaththickness = 2.5
passengerpaththickness_deboarding = 2.5
walkertype = GsxJetwayPassenger
walkerpaththickness = 2.5
walkerloopstart = 0
usercustomized = 1
this_parking_pos = 32.8917456314734 -97.0352175210814 -109.263276367188
parkingsystem_objectposition = 32.8916546586773 -97.0355263964094 70.736723632812 0.04
pushback_pos = 32.8916760218835 -97.0354536070286 70.736723632812
baggage_loader_front_pos = 32.8917965605516 -97.0354979099413 115.736723632812
baggage_loader_rear_pos = 32.8918146677305 -97.035466186279 115.736723632812
baggage_train_front_pos = 32.8917381307507 -97.0354911082125 70.736723632812
baggage_train_rear_pos = 32.8917640075117 -97.0355018269853 70.736723632812
stairs_rear_pos = 32.8914265262004 -97.035334409413 70.736723632812
parkingsystem_stopposition = 32.8916854924185 -97.0354223095097 -109.263276367188

