[general]
creator = dcby13

[jetway_rootfloor_heights]
kelp_swajetway = 4.20

[gate b 3]
nopassengerstairs = 1
nopassengerbus = 1
nopassengerbus_deboarding = 1
ignoreicaoprefixes = 0
ignorepreferredexit = 0
snapleftpushbackpos = 0
snaprightpushbackpos = 0
undergroundrefueling = 0
dontcreatejetways = 0
disablepaxbarriers = 0
disablepaxbarriers_deboarding = 0
parkingsystem = Marshaller
hasjetway = 1
pushback = 0
pushbacktype = 1
pushbackaddpos = [{'snap': False, 'approach': [(31.800686510931044, -106.39472023137212, 161.0182506724232), (31.801473953902768, -106.39532657988102, 108.33825073200028), None, None, None, None, None, None, None], 'pos': (31.801445053913902, -106.39474719199538, 93.33825073200026), 'label': 'Facing E on Apron (NL)', 'wws': 0, 'startEngines': 51.0}, {'label': 'Facing W on Apron (NR)', 'pos': (31.80144096966028, -106.39466646807989, -86.54174926757817), 'snap': False, 'approach': [(31.80068651093051, -106.39472023137759, 161.0182504339584), (31.801435512121383, -106.3945614908314, -86.54174926757817), None, None, None, None, None, None, None, None, None, None, None, None, None, None, None, None, None, None, None], 'wws': 0, 'startEngines': 51.0}]
pushbacklabels = Nose Right/Tail Left (LEFT)|Nose Left/Tail Right (RIGHT)
maxwingspan = 44.0
radiusleft = 22.0
radiusright = 17.6
gatedistancethreshold = 25.0
loadertype = 3 3 2
airlinecodes = SWA
type = 9
handlingtexture = WN_WHITE
cateringtexture = SWA
passengerpaththickness = 2.5
passengerpaththickness_deboarding = 2.5
walkertype = GsxJetwayPassenger
walkerpaththickness = 2.5
walkerloopstart = 0
usercustomized = 1
this_parking_pos = 31.8005234059159 -106.394654486228 161.018250732422
pushback_pos = 31.8003438078756 -106.394581289459 -18.9817492675781
baggage_train_front_pos = 31.8003130284023 -106.394650653326 -13.3817492675786
baggage_train_rear_pos = 31.8003109179813 -106.394711863781 -13.8817492675787
parkingsystem_objectposition = 31.8002614773026 -106.394513011177 -27.2817492675799 0
wingwalkersleftpushback = 0
wingwalkersrightpushback = 0
wingwalkersquickpushback = 0
startenginesleftpushback = 0.0
startenginesrightpushback = 0.0
startenginesquickpushback = 0.0
parkingsystem_stopposition = 31.800378463355 -106.394595389197 161.018250732422
baggage_loader_front_pos = 31.8003245701191 -106.394760804697 41.018250732422
baggage_loader_rear_pos = 31.8004051568179 -106.39485092067 -3.98174926757802
stairs_rear_pos = 31.8003517948213 -106.39432963761 -13.1817492675784

