[general]
creator = dcby13

[gate a 5]
nopassengerstairs = 1
nopassengerbus = 1
nopassengerbus_deboarding = 1
ignoreicaoprefixes = 0
ignorepreferredexit = 0
snapleftpushbackpos = 0
snaprightpushbackpos = 0
undergroundrefueling = 0
dontcreatejetways = 0
disablepaxbarriers = 0
disablepaxbarriers_deboarding = 0
parkingsystem = Marshaller
hasjetway = 1
pushback = 0
pushbacktype = 1
pushbackaddpos = [{'snap': False, 'approach': [(44.12041523938896, -123.21388408520959, -151.35917557505078), (44.12102647400045, -123.21415486295002, 89.53110945881663), (44.12099803989159, -123.21460559915559, 80.9785396018035), (44.12084067232875, -123.21515096854743, 30.797440185546463), None, None, None, None, None], 'pos': (44.1203536489, -123.215554215, 30.7974401855), 'label': u'Facing NE on Apron'}]
pushbacklabels = Nose Right/Tail Left (LEFT)|Nose Left/Tail Right (RIGHT)
maxwingspan = 56.0
radiusleft = 28.0
radiusright = 22.4
gatedistancethreshold = 25.0
loadertype = 1 1 2
airlinecodes = 
type = 9
handlingtexture = 
cateringtexture = 
passengerpaththickness = 2.5
passengerpaththickness_deboarding = 2.5
walkertype = GsxJetwayPassenger
walkerpaththickness = 2.5
walkerloopstart = 0
usercustomized = 1
pushback_pos = 44.1200234693373 -123.214077377684 -1.14255981445315
baggage_loader_front_pos = 44.1202818158729 -123.214333941923 118.157440185547
baggage_loader_rear_pos = 44.1204120564361 -123.214283083851 118.157440185547
baggage_train_front_pos = 44.1201393430831 -123.214242365046 28.1574401855469
baggage_train_rear_pos = 44.1201628710794 -123.214303386343 28.1574401855469
this_parking_pos = 44.1203340142965 -123.213946670294 -151.362559814454
parkingsystem_objectposition = 44.1200139321355 -123.214189243194 28.6074401855469 0
parkingsystem_stopposition = 44.1201582327897 -123.214079810696 -151.292559814453

