[general]
creator = dcby13

[parking 35]
nopassengerstairs = 0
nopassengerbus = 1
nopassengerbus_deboarding = 1
ignoreicaoprefixes = 0
ignorepreferredexit = 0
snapleftpushbackpos = 0
snaprightpushbackpos = 0
undergroundrefueling = 1
dontcreatejetways = 0
disablepaxbarriers = 0
disablepaxbarriers_deboarding = 0
parkingsystem = Marshaller
hasjetway = 0
pushback = 0
pushbacktype = 1
pushbackaddpos = [{'wws': 0, 'snap': False, 'startEngines': 42.0, 'approach': [(40.67683858038003, -74.1828023125652, -154.16000665228964), None, None, None, None, None, None, None, None], 'pos': (40.6774529614, -74.1831532834, 115.839993286), 'label': u'Facing SE on Taxi AA (NL)'}]
pushbacklabels = Nose Right/Tail Left (LEFT)|Nose Left/Tail Right (RIGHT)
wingwalkersleftpushback = 0
wingwalkersrightpushback = 0
wingwalkersquickpushback = 0
startenginesleftpushback = 0.0
startenginesrightpushback = 0.0
startenginesquickpushback = 0.0
maxwingspan = 63.0
radiusleft = 27.43
radiusright = 21.94
gatedistancethreshold = 25.0
loadertype = 3 3 2
airlinecodes = 
type = 5
handlingtexture = 
cateringtexture = 
passengerpaththickness = 2.5
passengerpaththickness_deboarding = 2.5
walkertype = GsxJetwayPassenger
walkerpaththickness = 2.5
walkerloopstart = 0
usercustomized = 1
this_parking_pos = 40.6766483227923 -74.1829238765975 -154.160006713867
passengerentergatepos = (40.676478307342464, -74.18284598571123)
pushback_pos = 40.6763265152215 -74.1827078411782 25.839993286133
baggage_loader_front_pos = 40.676593904714 -74.1833909954845 115.839993286133
baggage_loader_rear_pos = 40.6766610778635 -74.1833593611418 75.839993286133
baggage_loader_main_pos = 40.6763728495159 -74.1826371504585 -19.160006713867
baggage_train_front_pos = 40.6764810352183 -74.1833671671457 115.839993286133
baggage_train_rear_pos = 40.6765202617839 -74.1833626664994 115.839993286133
baggage_train_main_pos = 40.6763420451683 -74.1827561476668 25.839993286133
stairs_front_pos = 40.6762995445273 -74.18288428879 -49.160006713867
parkingsystem_objectposition = 40.6762382374031 -74.1831861356496 25.839993286133 0
parkingsystem_stopposition = 40.6764080241099 -74.1830772930134 -154.160006713867

