[general]

[gate 2]
nopassengerstairs = 0
nopassengerbus = 1
nopassengerbus_deboarding = 1
ignoreicaoprefixes = 0
ignorepreferredexit = 0
snapleftpushbackpos = 0
snaprightpushbackpos = 0
undergroundrefueling = 0
dontcreatejetways = 0
disablepaxbarriers = 0
disablepaxbarriers_deboarding = 0
parkingsystem = Marshaller
hasjetway = 1
pushback = 3
pushbacktype = 1
pushbackaddpos = [{'snap': False, 'approach': [(39.12327559711699, -108.52727184028824, -54.73409447761425), None, None, None, None, None, None, None, None], 'pos': (39.123273651, -108.527268726, -54.7578442383), 'label': u'Nose Right - Facing NW on Apron'}, {'snap': False, 'approach': [(39.12360467914105, -108.52786853398003, 125.45289699462177), None, None, None, None, None, None, None, None], 'pos': (39.1233935585, -108.527486921, 125.362155762), 'label': u'Nose Left - Facing SE on Apron'}]
pushbacklabels = Nose Right/Tail Left (LEFT)|Nose Left/Tail Right (RIGHT)
maxwingspan = 34.0
radiusleft = 15.0
radiusright = 12.0
gatedistancethreshold = 25.0
loadertype = 1 1 2
airlinecodes = 
type = 8
handlingtexture = 
cateringtexture = 
passengerpaththickness = 2.5
passengerpaththickness_deboarding = 2.5
walkertype = GsxJetwayPassenger
walkerpaththickness = 2.5
walkerloopstart = 0
usercustomized = 1
parkingsystem_objectposition = 39.123040793007 -108.52860880461 73.5221557617188 0
parkingsystem_stopposition = 39.1230788481003 -108.528451629712 -106.477844238281
pushback_pos = 39.123019022443 -108.528509310055 36.3221557617187
baggage_loader_front_pos = 39.1231946686585 -108.528539417535 123.522155761719
baggage_loader_rear_pos = 39.1233421405287 -108.528385970764 125.422155761719
baggage_train_front_pos = 39.1232782945654 -108.528603650924 73.5221557617188
baggage_train_rear_pos = 39.1233803045983 -108.528456925535 126.022155761719
stairs_rear_pos = 39.122949000791 -108.52800759935 -56.6778442382814
this_parking_pos = 39.123102016747 -108.52834135294 -106.477844238281

