[general]
creator = dcby13

[gate 3]
nopassengerstairs = 1
nopassengerbus = 1
nopassengerbus_deboarding = 1
ignoreicaoprefixes = 0
ignorepreferredexit = 0
snapleftpushbackpos = 0
snaprightpushbackpos = 0
undergroundrefueling = 0
dontcreatejetways = 0
disablepaxbarriers = 0
disablepaxbarriers_deboarding = 0
parkingsystem = Marshaller
hasjetway = 1
pushback = 0
pushbacktype = 1
pushbackaddpos = [{'snap': False, 'approach': [(48.30736092742314, -114.2544064709419, 124.97952744550449), (48.307984494352226, -114.25446492247315, -145.50043090820316), None, None, None, None, None, None, None], 'pos': (48.3080734934, -114.254372961, -145.500430908), 'label': u'Facing SW on Taxi B4'}]
pushbacklabels = Nose Right/Tail Left (LEFT)|Nose Left/Tail Right (RIGHT)
maxwingspan = 44.0
radiusleft = 22.0
radiusright = 17.6
gatedistancethreshold = 25.0
loadertype = 1 1 2
airlinecodes = 
type = 9
passengerpaththickness = 2.5
passengerpaththickness_deboarding = 2.5
walkertype = GsxJetwayPassenger
walkerpaththickness = 2.5
walkerloopstart = 0
this_parking_pos = 48.3072036312051 -114.25406791051 124.979569091797
parkingsystem_objectposition = 48.3070456353391 -114.25373669002 -54.6604309082031 0
parkingsystem_stopposition = 48.3071252017408 -114.253900061685 124.979569091797
usercustomized = 1
handlingtexture = 
cateringtexture = 
pushback_pos = 48.3071247086435 -114.253703845046 -85.0204309082031
baggage_loader_front_pos = 48.3070187347383 -114.254051900829 34.9795690917969
baggage_loader_rear_pos = 48.3070349659885 -114.25428008059 34.9795690917969
baggage_train_front_pos = 48.307041239776 -114.253892913535 -55.0204309082031
baggage_train_rear_pos = 48.3069637713978 -114.253975254128 -55.0204309082031

