[general]
creator = dcby13

[jetway_rootfloor_heights]
GMkgspjetway = 5.05

[gate a 4]
nopassengerstairs = 1
nopassengerbus = 1
nopassengerbus_deboarding = 1
ignoreicaoprefixes = 0
ignorepreferredexit = 0
snapleftpushbackpos = 0
snaprightpushbackpos = 0
undergroundrefueling = 1
dontcreatejetways = 0
disablepaxbarriers = 0
disablepaxbarriers_deboarding = 0
parkingsystem = Marshaller
hasjetway = 1
pushback = 0
pushbacktype = 1
pushbackaddpos = [{'label': 'Facing NE on Taxi L2 (NL)', 'pos': (34.88915274018146, -82.22019838167978, 32.15264381103498), 'snap': False, 'approach': [(34.889817012606336, -82.21909859157151, 120.99584522822829), (34.88957228858156, -82.21987792943551, 32.15264381103498), None, None, None, None, None, None, None, None, None, None, None, None, None, None, None, None, None, None, None], 'wws': 0, 'startEngines': 43.0}]
pushbacklabels = Nose Right/Tail Left (LEFT)|Nose Left/Tail Right (RIGHT)
wingwalkersleftpushback = 0
wingwalkersrightpushback = 0
wingwalkersquickpushback = 0
startenginesleftpushback = 0.0
startenginesrightpushback = 0.0
startenginesquickpushback = 0.0
maxwingspan = 36.0
radiusleft = 18.0
radiusright = 14.4
gatedistancethreshold = 25.0
loadertype = 3 3 2
airlinecodes = 
type = 8
passengerpaththickness = 2.5
passengerpaththickness_deboarding = 2.5
walkertype = GsxJetwayPassenger
walkerpaththickness = 2.5
walkerloopstart = 0
this_parking_pos = 34.889737858662 -82.2189374346483 120.995843811035
usercustomized = 1
parkingsystem_objectposition = 34.8895993085022 -82.2186561674094 -59.0041561889648 0
parkingsystem_stopposition = 34.8896956503263 -82.2188514578469 120.995843811035
handlingtexture = 
cateringtexture = 
pushback_pos = 34.8896541627668 -82.2187384903488 -74.004156188965
baggage_loader_front_pos = 34.8895619977318 -82.2189596532235 -9.004156188965
baggage_loader_rear_pos = 34.8895571862873 -82.2190487971439 -9.004156188965
baggage_train_front_pos = 34.8896360698736 -82.218854165676 -59.004156188965
baggage_train_rear_pos = 34.8896037722656 -82.2188789901915 -59.004156188965
stairs_rear_pos = 34.8898737804337 -82.2186851887222 -59.0041561889651

