[general]
creator = dcby13

[jetway_rootfloor_heights]
flightbeam_kiad_jetway = 4.35

[gate c 7]
nopassengerstairs = 0
nopassengerbus = 1
nopassengerbus_deboarding = 1
ignoreicaoprefixes = 0
ignorepreferredexit = 0
snapleftpushbackpos = 0
snaprightpushbackpos = 0
undergroundrefueling = 1
dontcreatejetways = 0
disablepaxbarriers = 0
disablepaxbarriers_deboarding = 0
parkingsystem = SafeDockTS24Ground2
hasjetway = 1
pushback = 0
pushbacktype = 1
pushbackaddpos = [{'wws': 0, 'snap': False, 'startEngines': 52.0, 'approach': [(38.9460484204641, -77.44310645017401, -157.70538677579123), (38.94653769932258, -77.44374667814304, 90.57461181640599), None, None, None, None, None, None, None], 'pos': (38.9465387824, -77.4438855252, 90.5746118164), 'label': u'Nose Left - Facing E on Taxi D'}, {'wws': 0, 'snap': False, 'startEngines': 53.0, 'approach': [(38.9460484204641, -77.44310645017401, -157.70538677579123), (38.94652640816436, -77.44225520772731, -89.47729330224735), None, None, None, None, None, None, None], 'pos': (38.9465240394, -77.4420030837, -89.4253881836), 'label': u'Nose Right - Facing W on Taxi D'}]
pushbacklabels = Nose Right/Tail Left (LEFT)|Nose Left/Tail Right (RIGHT)
wingwalkersleftpushback = 0
wingwalkersrightpushback = 0
wingwalkersquickpushback = 0
startenginesleftpushback = 0.0
startenginesrightpushback = 0.0
startenginesquickpushback = 0.0
maxwingspan = 63.0
radiusleft = 31.0
radiusright = 24.8
gatedistancethreshold = 25.0
loadertype = 3 3 2
airlinecodes = 
type = 10
handlingtexture = 
cateringtexture = 
passengerpaththickness = 2.5
passengerpaththickness_deboarding = 2.5
walkertype = GsxJetwayPassenger
walkerpaththickness = 2.5
walkerloopstart = 0
usercustomized = 1
this_parking_pos = 38.945918402574 -77.4431751853246 -157.705388183594
pushback_pos = 38.9456000536643 -77.4433431628866 52.294611816406
baggage_loader_front_pos = 38.9457628499027 -77.4435493168411 72.294611816406
baggage_loader_rear_pos = 38.9458323647987 -77.4435639012246 7.29461181640599
baggage_train_front_pos = 38.9456895489182 -77.443470558069 7.29461181640594
baggage_train_rear_pos = 38.9457038262531 -77.443503344394 7.29461181640599
parkingsystem_objectposition = 38.9455185818013 -77.4433861062649 22.294611816406 0
parkingsystem_stopposition = 38.9456388038076 -77.4433225087639 -157.705388183594

