[general]
creator = dcby13

[gate b 3]
nopassengerstairs = 0
nopassengerbus = 1
nopassengerbus_deboarding = 1
ignoreicaoprefixes = 0
ignorepreferredexit = 0
snapleftpushbackpos = 0
snaprightpushbackpos = 0
undergroundrefueling = 1
dontcreatejetways = 0
disablepaxbarriers = 0
disablepaxbarriers_deboarding = 0
parkingsystem = Marshaller
hasjetway = 1
pushback = 0
pushbacktype = 2
pushbackaddpos = [{'snap': False, 'approach': [(40.65016906773852, -73.78440807369877, 90.90667552233893), (40.64987002534127, -73.78492006148413, 1.386965026855415), None, None, None, None, None, None, None], 'pos': (40.6498998046, -73.7849191282, 1.38696502686), 'label': u'Facing N on Apron - Nose Left'}]
pushbacklabels = Nose Right/Tail Left (LEFT)|Nose Left/Tail Right (RIGHT)
maxwingspan = 68.0
radiusleft = 34.0
radiusright = 27.2
gatedistancethreshold = 25.0
loadertype = 3 3 2
airlinecodes = 
type = 10
passengerpaththickness = 2.5
passengerpaththickness_deboarding = 2.5
walkertype = GsxJetwayPassenger
walkerpaththickness = 2.5
walkerloopstart = 0
pushback_pos = 40.6500876037629 -73.7836915847858 -56.8530349731445
this_parking_pos = 40.6501657381179 -73.7841302773776 90.9069650268554
parkingsystem_objectposition = 40.6501510348423 -73.7837043949719 -86.8530349731445 0
usercustomized = 1
handlingtexture = 
cateringtexture = 
baggage_loader_front_pos = 40.6499381746373 -73.7838209424328 13.5069650268554
baggage_loader_rear_pos = 40.6498321578592 -73.7842680944767 -83.2930349731451
baggage_train_front_pos = 40.6500427612288 -73.7838225016595 -77.6930349731449
baggage_train_rear_pos = 40.6497974553946 -73.7842437521184 -83.0930349731448

[gate f 3]
nopassengerstairs = 0
nopassengerbus = 1
nopassengerbus_deboarding = 1
ignoreicaoprefixes = 0
ignorepreferredexit = 0
snapleftpushbackpos = 0
snaprightpushbackpos = 0
undergroundrefueling = 1
dontcreatejetways = 0
disablepaxbarriers = 0
disablepaxbarriers_deboarding = 0
parkingsystem = Marshaller
hasjetway = 1
pushback = 0
pushbacktype = 2
pushbackaddpos = [{'snap': False, 'approach': [(40.650179531357914, -73.78434127594124, 93.26720932909585), (40.64985454800672, -73.78492232118901, 1.347003173828215), None, None, None, None, None, None, None], 'pos': (40.6498843277, -73.7849214147, 1.34700317383), 'label': u'Facing N on Taxi A1 - Nose Left'}]
pushbacklabels = Nose Right/Tail Left (LEFT)|Nose Left/Tail Right (RIGHT)
maxwingspan = 63.92
radiusleft = 31.96
radiusright = 25.57
gatedistancethreshold = 25.0
loadertype = 3 3 2
airlinecodes = 
type = 10
handlingtexture = 
cateringtexture = 
passengerpaththickness = 2.5
passengerpaththickness_deboarding = 2.5
walkertype = GsxJetwayPassenger
walkerpaththickness = 2.5
walkerloopstart = 0
usercustomized = 1
this_parking_pos = 40.650173680046 -73.784205695831 93.2670031738282
pushback_pos = 40.6501907255459 -73.7836322733827 -101.732996826172
baggage_loader_front_pos = 40.6499478420466 -73.7839187881525 3.26700317382814
baggage_loader_rear_pos = 40.6498501481398 -73.7842154424334 -80.732996826172
baggage_train_rear_pos = 40.6499058979116 -73.7841189494872 -86.7329968261718
parkingsystem_objectposition = 40.6501495480882 -73.7836480899525 -86.7329968261718 0

