[general]
creator = dcby13

[jetway_rootfloor_heights]
ft_klas_jetway_low = 3.60

[gate c 19]
nopassengerstairs = 1
nopassengerbus = 1
nopassengerbus_deboarding = 1
ignoreicaoprefixes = 0
ignorepreferredexit = 0
snapleftpushbackpos = 0
snaprightpushbackpos = 0
undergroundrefueling = 0
dontcreatejetways = 0
disablepaxbarriers = 0
disablepaxbarriers_deboarding = 0
parkingsystem = Marshaller
hasjetway = 1
pushback = 0
pushbacktype = 1
pushbackaddpos = [{'snap': False, 'approach': [(36.08091729972216, -115.14788637263923, 56.26271850585938), (36.08088804960494, -115.14840948692753, 155.14271850585945), None, None, None, None, None, None, None], 'pos': (36.0809026279, -115.148418053, 155.142718506), 'label': u'Nose Right - Facing SE on Apron'}]
pushbacklabels = Nose Right/Tail Left (LEFT)|Nose Left/Tail Right (RIGHT)
maxwingspan = 38.2
radiusleft = 19.1
radiusright = 15.28
gatedistancethreshold = 25.0
loadertype = 3 3 2
airlinecodes = 
type = 9
handlingtexture = 
cateringtexture = 
passengerpaththickness = 2.5
passengerpaththickness_deboarding = 2.5
walkertype = GsxJetwayPassenger
walkerpaththickness = 2.5
walkerloopstart = 0
usercustomized = 1
this_parking_pos = 36.0810021342232 -115.147728786713 56.2627185058594
pushback_pos = 36.0811769466342 -115.147457092273 -123.737281494141
baggage_loader_front_pos = 36.0809028860807 -115.147471545027 -33.7372814941407
baggage_loader_rear_pos = 36.0807902309224 -115.147622473108 -33.7372814941407
baggage_train_front_pos = 36.0810780800596 -115.147447333381 -123.737281494141
baggage_train_rear_pos = 36.0809813495355 -115.147440493824 -123.737281494141
parkingsystem_objectposition = 36.0811867311077 -115.14738688666 -123.737281494141 0

[gate b 11]
nopassengerstairs = 1
nopassengerbus = 1
nopassengerbus_deboarding = 1
ignoreicaoprefixes = 0
ignorepreferredexit = 0
snapleftpushbackpos = 0
snaprightpushbackpos = 0
undergroundrefueling = 1
dontcreatejetways = 0
disablepaxbarriers = 0
disablepaxbarriers_deboarding = 0
parkingsystem = Marshaller
hasjetway = 1
pushback = 0
pushbacktype = 1
pushbackaddpos = [{'label': 'Facing E on Apron', 'pos': (36.08145126846796, -115.15154876923681, 106.0677575683587), 'snap': False, 'approach': [(36.08191998947554, -115.15011226010171, 45.34775765288604), (36.08158630948626, -115.15066288471449, 61.0677575683587), None, None, None, None, None, None, None, None, None, None, None, None, None, None, None, None, None, None, None], 'wws': 0, 'startEngines': 63.0}]
pushbacklabels = Nose Right/Tail Left (LEFT)|Nose Left/Tail Right (RIGHT)
wingwalkersleftpushback = 0
wingwalkersrightpushback = 0
wingwalkersquickpushback = 0
startenginesleftpushback = 0.0
startenginesrightpushback = 0.0
startenginesquickpushback = 0.0
maxwingspan = 38.2
radiusleft = 19.1
radiusright = 15.3
gatedistancethreshold = 25.0
loadertype = 3 3 2
airlinecodes = 
type = 9
handlingtexture = 
cateringtexture = 
passengerpaththickness = 2.5
passengerpaththickness_deboarding = 2.5
walkertype = GsxJetwayPassenger
walkerpaththickness = 2.5
walkerloopstart = 0
usercustomized = 1
this_parking_pos = 36.0825101747163 -115.150251112261 -58.9322424316413
pushback_pos = 36.0826208540678 -115.150476677758 121.067757568359
parkingsystem_objectposition = 36.0826939617307 -115.150561127944 130.06775756836 0
parkingsystem_stopposition = 36.0825963096204 -115.150427952833 -58.9322424316413
baggage_loader_front_pos = 36.0827747838175 -115.150354321005 171.067757568359
baggage_loader_rear_pos = 36.0827628310159 -115.150033637476 171.067757568359
baggage_train_front_pos = 36.082800367833 -115.150567052189 151.067757568359
baggage_train_rear_pos = 36.0828047246503 -115.150524983181 151.067757568359
stairs_rear_pos = 36.0824395768482 -115.15053784942 121.067757568359

