[general]
creator = dcby13

[jetway_rootfloor_heights]
ft_klas_jetway_low = 3.70

[gate c 19]
nopassengerstairs = 1
nopassengerbus = 1
nopassengerbus_deboarding = 1
ignoreicaoprefixes = 0
ignorepreferredexit = 0
snapleftpushbackpos = 0
snaprightpushbackpos = 0
undergroundrefueling = 0
dontcreatejetways = 0
disablepaxbarriers = 0
disablepaxbarriers_deboarding = 0
parkingsystem = Marshaller
hasjetway = 1
pushback = 0
pushbacktype = 1
pushbackaddpos = [{'snap': False, 'approach': [(36.08091729972216, -115.14788637263923, 56.26271850585938), (36.08088804960494, -115.14840948692753, 155.14271850585945), None, None, None, None, None, None, None], 'pos': (36.0809026279, -115.148418053, 155.142718506), 'label': u'Nose Right - Facing SE on Apron'}]
pushbacklabels = Nose Right/Tail Left (LEFT)|Nose Left/Tail Right (RIGHT)
maxwingspan = 38.2
radiusleft = 19.1
radiusright = 15.28
gatedistancethreshold = 25.0
loadertype = 3 3 2
airlinecodes = 
type = 9
handlingtexture = 
cateringtexture = 
passengerpaththickness = 2.5
passengerpaththickness_deboarding = 2.5
walkertype = GsxJetwayPassenger
walkerpaththickness = 2.5
walkerloopstart = 0
usercustomized = 1
this_parking_pos = 36.0810021342232 -115.147728786713 56.2627185058594
pushback_pos = 36.0811769466342 -115.147457092273 -123.737281494141
baggage_loader_front_pos = 36.0809028860807 -115.147471545027 -33.7372814941407
baggage_loader_rear_pos = 36.0807902309224 -115.147622473108 -33.7372814941407
baggage_train_front_pos = 36.0810780800596 -115.147447333381 -123.737281494141
baggage_train_rear_pos = 36.0809813495355 -115.147440493824 -123.737281494141
parkingsystem_objectposition = 36.0811867311077 -115.14738688666 -123.737281494141 0

