[general]
creator = dcby13

[jetway_rootfloor_heights]
klax_jw_16 = 4.10

[gate 16]
nopassengerstairs = 1
nopassengerbus = 1
nopassengerbus_deboarding = 1
ignoreicaoprefixes = 0
ignorepreferredexit = 0
snapleftpushbackpos = 0
snaprightpushbackpos = 0
undergroundrefueling = 0
dontcreatejetways = 0
disablepaxbarriers = 0
disablepaxbarriers_deboarding = 0
parkingsystem = Marshaller
hasjetway = 1
pushback = 0
pushbacktype = 2
pushbackaddpos = [{'label': 'Facing N on Taxi D8 (NL)', 'pos': (33.94725816423458, -118.40256692671124, -6.897002050781342), 'snap': False, 'approach': [(33.947218150110594, -118.40202335154689, 83.82299783370948), (33.946855167507735, -118.40250852579625, 8.102997949218658), None, None, None, None, None, None, None, None, None, None, None, None, None, None, None, None, None, None, None], 'wws': 0, 'startEngines': 26.0}]
pushbacklabels = Nose Right/Tail Left (LEFT)|Nose Left/Tail Right (RIGHT)
wingwalkersleftpushback = 0
wingwalkersrightpushback = 0
wingwalkersquickpushback = 0
startenginesleftpushback = 0.0
startenginesrightpushback = 0.0
startenginesquickpushback = 0.0
maxwingspan = 36.0
radiusleft = 18.0
radiusright = 14.4
gatedistancethreshold = 25.0
loadertype = 3 3 2
airlinecodes = SWA
type = 8
handlingtexture = WN_WHITE
cateringtexture = SWA
passengerpaththickness = 2.5
passengerpaththickness_deboarding = 2.5
walkertype = GsxJetwayPassenger
walkerpaththickness = 2.5
walkerloopstart = 0
usercustomized = 1
this_parking_pos = 33.947228309588 -118.401909255478 83.8229979492187
pushback_pos = 33.9472507179448 -118.401660819517 -96.1770020507813
baggage_loader_front_pos = 33.947073201477 -118.401728758323 -46.1770020507813
baggage_loader_rear_pos = 33.9470577969409 -118.401805070903 -96.1770020507813
baggage_train_front_pos = 33.9471274211956 -118.401684631352 -96.1770020507813
baggage_train_rear_pos = 33.9470732843796 -118.401677600929 -96.1770020507813
stairs_rear_pos = 33.9474554362323 -118.401713518086 -96.1770020507814
parkingsystem_objectposition = 33.9472270282172 -118.401556031044 -86.7160020507852 0
parkingsystem_stopposition = 33.9472435055449 -118.401739947647 83.8229979492187

