[general]
creator = dcby13

[gate 3]
nopassengerstairs = 0
nopassengerbus = 1
nopassengerbus_deboarding = 1
ignoreicaoprefixes = 0
ignorepreferredexit = 0
snapleftpushbackpos = 0
snaprightpushbackpos = 0
undergroundrefueling = 0
dontcreatejetways = 0
disablepaxbarriers = 0
disablepaxbarriers_deboarding = 0
parkingsystem = Marshaller
hasjetway = 1
pushback = 0
pushbacktype = 1
pushbackaddpos = [{'snap': False, 'approach': [(40.77312243049144, -73.88384274097521, 8.116991590364549), (40.77279903389541, -73.88423524083969, 81.92264892578129), None, None, None, None, None, None, None], 'pos': (40.7728032191, -73.8841969943, 81.9226489258), 'label': u'Nose Right - Facing E on Apron'}]
pushbacklabels = Nose Right/Tail Left (LEFT)|Nose Left/Tail Right (RIGHT)
maxwingspan = 34.0
radiusleft = 17.0
radiusright = 13.6
gatedistancethreshold = 25.0
loadertype = 3 3 2
airlinecodes = 
type = 8
passengerpaththickness = 2.5
passengerpaththickness_deboarding = 2.5
walkertype = GsxJetwayPassenger
walkerpaththickness = 2.5
walkerloopstart = 0
this_parking_pos = 40.7732790184373 -73.8838131919828 8.12264892578126
usercustomized = 1
handlingtexture = 
cateringtexture = 
pushback_pos = 40.7735256999843 -73.883728182229 170.622648925781
baggage_loader_front_pos = 40.7734795161427 -73.8836744031676 173.122648925781
baggage_loader_rear_pos = 40.7732044682487 -73.8835162115972 -30.2773510742192
baggage_train_front_pos = 40.7734849668541 -73.8837037771395 175.522648925781
baggage_train_rear_pos = 40.7732548659103 -73.8835120788134 -28.5773510742189
parkingsystem_objectposition = 40.7735743661389 -73.8837575456353 -171.877351074219 0

