[general]
creator = dcby13

[gate 6]
nopassengerstairs = 0
nopassengerbus = 1
nopassengerbus_deboarding = 1
ignoreicaoprefixes = 0
ignorepreferredexit = 0
snapleftpushbackpos = 0
snaprightpushbackpos = 0
undergroundrefueling = 0
dontcreatejetways = 0
disablepaxbarriers = 0
disablepaxbarriers_deboarding = 0
parkingsystem = Marshaller
hasjetway = 0
pushback = 0
pushbacktype = 1
pushbackaddpos = [{'label': 'Facing N on Apron (NL)', 'pos': (33.817944930283076, -118.14700701107128, 0.2601959228518105), 'snap': False, 'approach': [(33.81899478994007, -118.14638260278184, 90.26021717259441), (33.818260227820026, -118.14700529217782, 0.2601959228518105), None, None, None, None, None, None, None, None, None, None, None, None, None, None, None, None, None, None, None], 'wws': 0, 'startEngines': 42.0}, {'label': 'Facing S on Apron (NR)', 'pos': (33.819297257230886, -118.14700072828478, -179.73980407714814), 'snap': False, 'approach': [(33.81899479277388, -118.14638263579971, 90.26028097589273), (33.819387656541906, -118.14700023984776, -179.73980407714814), None, None, None, None, None, None, None, None, None, None, None, None, None, None, None, None, None, None, None], 'wws': 0, 'startEngines': 42.0}]
pushbacklabels = Nose Right/Tail Left (LEFT)|Nose Left/Tail Right (RIGHT)
wingwalkersleftpushback = 0
wingwalkersrightpushback = 0
wingwalkersquickpushback = 0
startenginesleftpushback = 0.0
startenginesrightpushback = 0.0
startenginesquickpushback = 0.0
maxwingspan = 54.0
radiusleft = 27.0
radiusright = 21.6
gatedistancethreshold = 25.0
loadertype = 3 3 2
airlinecodes = SWA
type = 10
handlingtexture = WN,WN_WHITE
cateringtexture = SWA
passengerpaththickness = 2.5
passengerpaththickness_deboarding = 2.5
walkertype = GsxJetwayPassenger
walkerpaththickness = 2.5
walkerloopstart = 0
usercustomized = 1
this_parking_pos = 33.8189940137369 -118.146176315804 90.2601959228518
pushback_pos = 33.8189923592654 -118.145858759336 -89.7398040771482
baggage_loader_front_pos = 33.8187935042263 -118.145942727022 -39.7398040771482
baggage_loader_rear_pos = 33.8187395447501 -118.145954967903 -39.7398040771482
baggage_train_front_pos = 33.8188799007902 -118.145897608597 -89.7398040771482
baggage_train_rear_pos = 33.8188361469476 -118.145914048936 -89.7398040771482
stairs_front_pos = 33.8191244320326 -118.14585696039 -89.7398040771483
stairs_rear_pos = 33.8191695381181 -118.145864274345 -89.7398040771483
parkingsystem_objectposition = 33.8189642108651 -118.145744540913 -83.4398040771507 0
parkingsystem_stopposition = 33.8189931052375 -118.145935729336 90.2601959228518
passengerentergatepos = (33.819149230338546, -118.14569931095524, 0.0)
passengerwaypoints = [(33.81914874988223, -118.14583045836274, 0.0)]
jetwayairlinecode = 

