[general]
creator = dcby13

[jetway_rootfloor_heights]
klit_jetway = 4.40

[none 10]
nopassengerstairs = 1
nopassengerbus = 1
nopassengerbus_deboarding = 1
ignoreicaoprefixes = 0
ignorepreferredexit = 0
snapleftpushbackpos = 0
snaprightpushbackpos = 0
undergroundrefueling = 0
dontcreatejetways = 0
disablepaxbarriers = 0
disablepaxbarriers_deboarding = 0
parkingsystem = Marshaller
hasjetway = 1
pushback = 0
pushbacktype = 1
pushbackaddpos = [{'label': 'Facing E on Apron (NL)', 'pos': (34.732086642680436, -92.21967215390757, 111.56066123046831), 'snap': False, 'approach': [(34.731524689923596, -92.21943892396803, 193.76066188459924), (34.73211985105905, -92.2197732629182, 111.56066123046831), None, None, None, None, None, None, None, None, None, None, None, None, None, None, None, None, None, None, None], 'wws': 0, 'startEngines': 57.0}, {'label': 'Facing W on Apron (NR)', 'pos': (34.73185602787188, -92.21896297814551, -68.47773876953214), 'snap': False, 'approach': [(34.731437134891024, -92.21946489608754, -166.2393382576903), (34.73182287563383, -92.21886184274331, -68.47773876953214), None, None, None, None, None, None, None, None, None, None, None, None, None, None, None, None, None, None, None], 'wws': 0, 'startEngines': 57.0}]
pushbacklabels = Nose Right/Tail Left (LEFT)|Nose Left/Tail Right (RIGHT)
wingwalkersleftpushback = 0
wingwalkersrightpushback = 0
wingwalkersquickpushback = 0
startenginesleftpushback = 0.0
startenginesrightpushback = 0.0
startenginesquickpushback = 0.0
maxwingspan = 38.0
radiusleft = 19.0
radiusright = 15.2
gatedistancethreshold = 25.0
loadertype = 3 3 2
airlinecodes = 
type = 9
handlingtexture = 
cateringtexture = 
passengerpaththickness = 2.5
passengerpaththickness_deboarding = 2.5
walkertype = GsxJetwayPassenger
walkerpaththickness = 2.5
walkerloopstart = 0
usercustomized = 1
this_parking_pos = 34.7312558830243 -92.2195190075679 -166.239338769532
pushback_pos = 34.7310780390509 -92.2195712005316 13.760661230468
parkingsystem_objectposition = 34.7309830740209 -92.2195652069371 5.46066123046796 0
parkingsystem_stopposition = 34.731120681825 -92.2195593134277 -166.239338769532
baggage_loader_front_pos = 34.7311262727964 -92.2197074266842 58.760661230468
baggage_loader_rear_pos = 34.7311689500179 -92.2197257002 43.760661230468
baggage_train_rear_pos = 34.7310980907377 -92.2196804768899 13.760661230468
stairs_rear_pos = 34.7310857427902 -92.2193365327426 17.282661230468

