[general]
creator = dcby13

[jetway_rootfloor_heights]
blank-cor = 4.00

[gate 83]
nopassengerstairs = 1
nopassengerbus = 1
nopassengerbus_deboarding = 1
ignoreicaoprefixes = 0
ignorepreferredexit = 0
snapleftpushbackpos = 0
snaprightpushbackpos = 0
undergroundrefueling = 1
dontcreatejetways = 0
disablepaxbarriers = 0
disablepaxbarriers_deboarding = 0
parkingsystem = Marshaller
hasjetway = 1
pushback = 0
pushbacktype = 1
pushbackaddpos = [{'snap': False, 'approach': [(28.425437177315462, -81.30128706102624, 56.799033225133954), (28.425022978400516, -81.30228968567403, 119.32001144409176), None, None, None, None, None, None, None], 'pos': (28.4250307916, -81.3023059774, 119.320011444), 'label': u'Nose Right - Facing SE on Apron'}]
pushbacklabels = Nose Right/Tail Left (LEFT)|Nose Left/Tail Right (RIGHT)
maxwingspan = 46.0
radiusleft = 23.0
radiusright = 18.4
gatedistancethreshold = 25.0
loadertype = 3 3 2
airlinecodes = 
type = 9
handlingtexture = 
cateringtexture = 
passengerpaththickness = 2.5
passengerpaththickness_deboarding = 2.5
walkertype = GsxJetwayPassenger
walkerpaththickness = 2.5
walkerloopstart = 0
usercustomized = 1
this_parking_pos = 28.4255778739669 -81.3010426001812 56.8000114440918
parkingsystem_objectposition = 28.4257440828064 -81.3007534443544 -123.199988555908 0
pushback_pos = 28.4256257433016 -81.3008088106766 -93.1999885559083
baggage_loader_front_pos = 28.4255923720676 -81.3007244530446 -93.1999885559083
baggage_loader_rear_pos = 28.4253909861231 -81.3007503902263 -73.1999885559082
baggage_train_front_pos = 28.4255505570405 -81.3007505334477 -93.1999885559083
baggage_train_rear_pos = 28.4254327340009 -81.3007573618154 -78.1999885559083

