[general]
creator = dcby13

[jetway_rootfloor_heights]
kmdw_mm_jetway = 4.30

[gate b 18]
nopassengerstairs = 0
nopassengerbus = 1
nopassengerbus_deboarding = 1
ignoreicaoprefixes = 0
ignorepreferredexit = 0
snapleftpushbackpos = 0
snaprightpushbackpos = 0
undergroundrefueling = 0
dontcreatejetways = 0
disablepaxbarriers = 0
disablepaxbarriers_deboarding = 0
parkingsystem = Marshaller
hasjetway = 1
pushback = 0
pushbacktype = 1
pushbackaddpos = [{'snap': False, 'approach': [(41.7866362827648, -87.7446206608627, -47.32486572265652), (41.7865877235838, -87.74395268938034, -136.60486572265654), None, None, None, None, None, None, None], 'pos': (41.7865660985, -87.7439796371, -136.604865723), 'label': u'Nose Left - Facing SW on Taxi T1'}]
pushbacklabels = Nose Right/Tail Left (LEFT)|Nose Left/Tail Right (RIGHT)
maxwingspan = 38.0
radiusleft = 19.0
radiusright = 15.2
gatedistancethreshold = 25.0
loadertype = 3 3 2
airlinecodes = 
type = 9
handlingtexture = 
cateringtexture = 
passengerpaththickness = 2.5
passengerpaththickness_deboarding = 2.5
walkertype = GsxJetwayPassenger
walkerpaththickness = 2.5
walkerloopstart = 0
usercustomized = 1
this_parking_pos = 41.7867147058598 -87.7447352448306 -47.3248657226564
pushback_pos = 41.7868491989789 -87.7449430994139 107.475134277344
baggage_train_front_pos = 41.7868796494094 -87.7447853973169 132.675134277344
baggage_train_rear_pos = 41.7868841644471 -87.7447028582639 132.675134277344
parkingsystem_objectposition = 41.7869155471748 -87.7450274424835 132.675134277344 0
baggage_loader_front_pos = 41.786907461711 -87.7446588964045 -177.324865722656
baggage_loader_rear_pos = 41.7868978189518 -87.7446124609433 -177.324865722656

