[general]
creator = dcby13

[none 558]
nopassengerstairs = 0
nopassengerbus = 1
nopassengerbus_deboarding = 1
ignoreicaoprefixes = 0
ignorepreferredexit = 0
snapleftpushbackpos = 0
snaprightpushbackpos = 0
undergroundrefueling = 0
dontcreatejetways = 0
disablepaxbarriers = 0
disablepaxbarriers_deboarding = 0
parkingsystem = Marshaller
hasjetway = 0
pushback = 0
pushbacktype = 1
pushbackaddpos = [{'wws': 0, 'snap': False, 'startEngines': 43.0, 'approach': [(35.0624612627218, -89.97434254992288, -0.8976830491127842), None, None, None, None, None, None, None, None], 'pos': (35.0619716467, -89.9737748065, -90.2976831055), 'label': u'Facing W on Apron (NL)'}]
pushbacklabels = Nose Right/Tail Left (LEFT)|Nose Left/Tail Right (RIGHT)
wingwalkersleftpushback = 0
wingwalkersrightpushback = 0
wingwalkersquickpushback = 0
startenginesleftpushback = 0.0
startenginesrightpushback = 0.0
startenginesquickpushback = 0.0
maxwingspan = 66.0
radiusleft = 33.0
radiusright = 26.4
gatedistancethreshold = 25.0
loadertype = 3 3 2
airlinecodes = 
type = 5
handlingtexture = 
cateringtexture = 
passengerpaththickness = 2.5
passengerpaththickness_deboarding = 2.5
walkertype = GsxJetwayPassenger
walkerpaththickness = 2.5
walkerloopstart = 0
usercustomized = 1
maxmarshallerdistance = 5.0
this_parking_pos = 35.0626059938186 -89.9743453279284 -0.897683105468753
passengerentergatepos = (35.06273125322586, -89.97450323093094)
pushback_pos = 35.0629125944955 -89.9743506969643 179.102316894531
baggage_loader_front_pos = 35.0628624985874 -89.9739719574018 -90.8976831054688
baggage_loader_rear_pos = 35.0626369764745 -89.9739147415839 -130.897683105469
baggage_loader_main_pos = 35.0626856345701 -89.9747760871638 89.1023168945313
baggage_train_front_pos = 35.0629283705929 -89.9742609086251 179.102316894531
baggage_train_rear_pos = 35.0629185738299 -89.9739017590502 179.102316894531
baggage_train_main_pos = 35.0629269606195 -89.9746222556922 179.102316894531
stairs_front_pos = 35.0629142042384 -89.9745628066094 89.1023168945313
parkingsystem_objectposition = 35.0631125427681 -89.9743550079895 179.102316894531 0
parkingsystem_stopposition = 35.0628918055154 -89.9743507975755 -0.897683105468753

