[general]
creator = dcby13

[gate 4]
nopassengerstairs = 1
nopassengerbus = 1
nopassengerbus_deboarding = 1
ignoreicaoprefixes = 0
ignorepreferredexit = 0
snapleftpushbackpos = 0
snaprightpushbackpos = 0
undergroundrefueling = 0
dontcreatejetways = 0
disablepaxbarriers = 0
disablepaxbarriers_deboarding = 0
parkingsystem = Marshaller
hasjetway = 1
pushback = 0
pushbacktype = 1
pushbackaddpos = [{'snap': False, 'approach': [(42.369129309605725, -122.87301674972633, 247.20970038476406), None, None, None, None, None, None, None, None], 'pos': (42.3696597168, -122.872113397, 158.65055603), 'label': u'Nose Left - Facing S on Taxi A'}, {'snap': False, 'approach': [(42.36912923532977, -122.87301673076942, 247.20781324638799), None, None, None, None, None, None, None, None], 'pos': (42.3691889168, -122.871866899, -21.1094439697), 'label': u'Nose Right - Facing N on Taxi A'}]
pushbacklabels = Nose Right/Tail Left (LEFT)|Nose Left/Tail Right (RIGHT)
maxwingspan = 42.0
radiusleft = 21.0
radiusright = 16.8
gatedistancethreshold = 25.0
loadertype = 1 1 2
airlinecodes = 
type = 9
handlingtexture = 
cateringtexture = 
passengerpaththickness = 2.5
passengerpaththickness_deboarding = 2.5
walkertype = GsxJetwayPassenger
walkerpaththickness = 2.5
walkerloopstart = 0
usercustomized = 1
pushback_pos = 42.3688185339542 -122.873579718936 -22.7894439697266
baggage_loader_front_pos = 42.3691613271062 -122.873563048525 133.010556030273
baggage_loader_rear_pos = 42.3691929986993 -122.873541072944 130.410556030273
baggage_train_front_pos = 42.3690064705424 -122.873654113568 67.2105560302734
baggage_train_rear_pos = 42.3691099302462 -122.873578415882 67.2105560302734
stairs_rear_pos = 42.3688830698645 -122.873009005616 -37.7894439697266
this_parking_pos = 42.3690303757233 -122.873335422076 -112.789443969727
parkingsystem_objectposition = 42.368920840919 -122.873688552848 67.2105560302734 0
parkingsystem_stopposition = 42.3689803007949 -122.873496711954 -112.789443969727

