[general]
creator = dcby13

[jetway_rootfloor_heights]
flightbeam_kmsp_jetwaymedium = 4.45

[gate f 14]
nopassengerstairs = 0
nopassengerbus = 1
nopassengerbus_deboarding = 1
ignoreicaoprefixes = 0
ignorepreferredexit = 0
snapleftpushbackpos = 0
snaprightpushbackpos = 0
undergroundrefueling = 1
dontcreatejetways = 0
disablepaxbarriers = 0
disablepaxbarriers_deboarding = 0
parkingsystem = Marshaller
hasjetway = 1
pushback = 0
pushbacktype = 1
pushbackaddpos = [{'wws': 0, 'snap': False, 'startEngines': 64.0, 'approach': [(44.883678500079185, -93.21749162138859, 96.53125611211325), (44.88285663792024, -93.21783926853655, -58.50736846923849), None, None, None, None, None, None, None], 'pos': (44.8828721456, -93.2178744353, -58.5073684692), 'label': u'Nose Left - Facing NW on Taxi B'}, {'wws': 0, 'snap': False, 'startEngines': 64.0, 'approach': [(44.883668065215076, -93.21736334964999, 96.53231392274326), (44.88434539514194, -93.21769955360982, -134.94736846923863), None, None, None, None, None, None, None], 'pos': (44.8843244234, -93.2177287432, -134.947368469), 'label': u'Nose Right - Facing SW on Taxi D'}]
pushbacklabels = Nose Right/Tail Left (LEFT)|Nose Left/Tail Right (RIGHT)
wingwalkersleftpushback = 0
wingwalkersrightpushback = 0
wingwalkersquickpushback = 0
startenginesleftpushback = 0.0
startenginesrightpushback = 0.0
startenginesquickpushback = 0.0
maxwingspan = 62.0
radiusleft = 31.0
radiusright = 24.8
gatedistancethreshold = 25.0
loadertype = 3 3 2
airlinecodes = 
type = 10
handlingtexture = 
cateringtexture = 
passengerpaththickness = 2.5
passengerpaththickness_deboarding = 2.5
walkertype = GsxJetwayPassenger
walkerpaththickness = 2.5
walkerloopstart = 0
usercustomized = 1
this_parking_pos = 44.8836400733316 -93.2170211448598 96.5326315307617
pushback_pos = 44.8835453403149 -93.2163943107728 -83.4673684692383
baggage_loader_front_pos = 44.8834560381075 -93.2165461423731 -68.4673684692383
baggage_loader_rear_pos = 44.8833648924338 -93.2168665477571 -113.467368469238
baggage_train_front_pos = 44.8835102133452 -93.2165232375189 -90.0673684692383
baggage_train_rear_pos = 44.8834813342188 -93.2164686598202 -90.0673684692383
parkingsystem_objectposition = 44.8835779443404 -93.2162528549287 -83.4673684692383 0
parkingsystem_stopposition = 44.8836032079009 -93.2165641821117 96.5326315307617

