[general]
creator = dcby13

[jetway_rootfloor_heights]
lvfr_kmsy_jetway = 4.10

[gate b 8]
nopassengerstairs = 0
nopassengerbus = 1
nopassengerbus_deboarding = 1
ignoreicaoprefixes = 0
ignorepreferredexit = 0
snapleftpushbackpos = 0
snaprightpushbackpos = 0
undergroundrefueling = 1
dontcreatejetways = 0
disablepaxbarriers = 0
disablepaxbarriers_deboarding = 0
parkingsystem = Marshaller
hasjetway = 1
pushback = 0
pushbacktype = 1
pushbackaddpos = [{'snap': False, 'approach': [(29.993945174233936, -90.25595848783597, -89.05690673828185), (29.994197105795855, -90.25550452185588, -176.89690673828179), None, None, None, None, None, None, None], 'pos': (29.9941671197, -90.2555063554, -176.896906738), 'label': u'Nose Left - Facing S on Apron'}]
pushbacklabels = Nose Right/Tail Left (LEFT)|Nose Left/Tail Right (RIGHT)
maxwingspan = 36.0
radiusleft = 18.0
radiusright = 14.4
gatedistancethreshold = 25.0
loadertype = 3 3 2
airlinecodes = 
type = 8
handlingtexture = 
cateringtexture = 
passengerpaththickness = 2.5
passengerpaththickness_deboarding = 2.5
walkertype = GsxJetwayPassenger
walkerpaththickness = 2.5
walkerloopstart = 0
usercustomized = 1
this_parking_pos = 29.9939485873639 -90.2561983777318 -89.0569067382817
baggage_loader_front_pos = 29.9941500135829 -90.2564156107512 90.9430932617183
baggage_loader_rear_pos = 29.9941533963831 -90.2562817801231 90.9430932617183
baggage_train_front_pos = 29.9940253018509 -90.2563973033728 90.9430932617183
baggage_train_rear_pos = 29.994075235351 -90.256394733633 90.9430932617183

[gate c 14]
nopassengerstairs = 0
nopassengerbus = 1
nopassengerbus_deboarding = 1
ignoreicaoprefixes = 0
ignorepreferredexit = 0
snapleftpushbackpos = 0
snaprightpushbackpos = 0
undergroundrefueling = 1
dontcreatejetways = 0
disablepaxbarriers = 0
disablepaxbarriers_deboarding = 0
parkingsystem = Marshaller
hasjetway = 1
pushback = 0
pushbacktype = 1
pushbackaddpos = [{'snap': False, 'approach': [(29.992735629236794, -90.25310336308233, -32.86585419064824), (29.99271798440995, -90.25243414873732, -149.7474255371098), None, None, None, None, None, None, None], 'pos': (29.9927317856, -90.2524245855, -149.747425537), 'label': u'Nose Left - Facing SW on Taxi H'}, {'snap': False, 'approach': [(29.992735630313952, -90.25310336317432, -32.865669072080124), (29.991983754677346, -90.25373698068383, 92.89257446289061), None, None, None, None, None, None, None], 'pos': (29.991984561, -90.2537559381, 92.8925744629), 'label': u'Nose Right - Facing E on Taxi G'}, {'snap': False, 'approach': [(29.99273562882995, -90.25310335827193, -32.86652667652994), (29.992132936613803, -90.25342237513424, 72.02312453532485), (29.99203738568164, -90.25437598785761, 91.71711023017032), (29.992681978570076, -90.25511630262238, -177.94742553711018), None, None, None, None, None], 'pos': (29.9929278336, -90.2551061576, -177.947425537), 'label': u'Facing S on Apron'}]
pushbacklabels = Nose Right/Tail Left (LEFT)|Nose Left/Tail Right (RIGHT)
maxwingspan = 46.0
radiusleft = 23.0
radiusright = 18.4
gatedistancethreshold = 25.0
loadertype = 3 3 2
airlinecodes = 
type = 9
handlingtexture = 
cateringtexture = 
passengerpaththickness = 2.5
passengerpaththickness_deboarding = 2.5
walkertype = GsxJetwayPassenger
walkerpaththickness = 2.5
walkerloopstart = 0
usercustomized = 1
this_parking_pos = 29.9928842427675 -90.2532145038701 -32.8674255371094
pushback_pos = 29.9930989949939 -90.2533804194627 130.292574462891
parkingsystem_objectposition = 29.9931777211289 -90.2534338546816 147.092574462891 0
baggage_loader_front_pos = 29.9930985847762 -90.2531758520319 -162.867425537109
baggage_loader_rear_pos = 29.9930765671532 -90.2531203358507 162.132574462891
baggage_train_front_pos = 29.9931132457117 -90.25328367492 125.532574462891
baggage_train_rear_pos = 29.9931105236914 -90.2532288416205 123.732574462891

