[general]
creator = dcby13

[jetway_rootfloor_heights]
koak_jetway_23 = 4.35

[none 23]
nopassengerstairs = 1
nopassengerbus = 1
nopassengerbus_deboarding = 1
ignoreicaoprefixes = 0
ignorepreferredexit = 0
snapleftpushbackpos = 0
snaprightpushbackpos = 0
undergroundrefueling = 1
dontcreatejetways = 0
disablepaxbarriers = 0
disablepaxbarriers_deboarding = 0
parkingsystem = Marshaller
hasjetway = 1
pushback = 0
pushbacktype = 2
pushbackaddpos = [{'label': 'Facing SW on Apron', 'pos': (37.709919483852126, -122.2139424095428, -143.27909799194418), 'snap': False, 'approach': [(37.71076192055142, -122.21383785203388, 129.93690198221068), None, None, None, None, None, None, None, None, None, None, None, None, None, None, None, None, None, None, None, None], 'wws': 0, 'startEngines': 113.0}]
pushbacklabels = Nose Right/Tail Left (LEFT)|Nose Left/Tail Right (RIGHT)
wingwalkersleftpushback = 0
wingwalkersrightpushback = 0
wingwalkersquickpushback = 0
startenginesleftpushback = 0.0
startenginesrightpushback = 0.0
startenginesquickpushback = 0.0
maxwingspan = 44.0
radiusleft = 22.0
radiusright = 17.6
gatedistancethreshold = 25.0
loadertype = 3 3 2
airlinecodes = SWA
type = 9
handlingtexture = WN_WHITE
cateringtexture = SWA
passengerpaththickness = 2.5
passengerpaththickness_deboarding = 2.5
walkertype = GsxJetwayPassenger
walkerpaththickness = 2.5
walkerloopstart = 0
usercustomized = 1
this_parking_pos = 37.7108147095979 -122.212972322749 58.6569020080567
pushback_pos = 37.7109496813995 -122.212693368334 -121.343097991943
baggage_loader_front_pos = 37.7107202311593 -122.212662068643 -71.3430979919433
stairs_rear_pos = 37.7110616264371 -122.212943843275 -121.343097991943
parkingsystem_objectposition = 37.7110036231988 -122.21264839977 -128.543097991945 0
parkingsystem_stopposition = 37.7108991813425 -122.212797016312 58.6569020080567

