[general]
creator = dcby13

[jetway_rootfloor_heights]
vs_koma_jetway = 3.02

[gate 18]
nopassengerstairs = 1
nopassengerbus = 1
nopassengerbus_deboarding = 1
ignoreicaoprefixes = 0
ignorepreferredexit = 0
snapleftpushbackpos = 0
snaprightpushbackpos = 0
undergroundrefueling = 0
dontcreatejetways = 0
disablepaxbarriers = 0
disablepaxbarriers_deboarding = 0
parkingsystem = Marshaller
hasjetway = 1
pushback = 0
pushbacktype = 1
pushbackaddpos = [{'label': 'Facing E on Apron', 'pos': (41.299686725222706, -95.89750311626729, 91.11858764648439), 'snap': False, 'approach': [(41.30054803620999, -95.8977472923844, -55.52141279203888), (41.299688484288744, -95.89762190871167, 91.11858764648439), None, None, None, None, None, None, None, None, None, None, None, None, None, None, None, None, None, None, None], 'wws': 0, 'startEngines': 50.0}]
pushbacklabels = Nose Right/Tail Left (LEFT)|Nose Left/Tail Right (RIGHT)
wingwalkersleftpushback = 0
wingwalkersrightpushback = 0
wingwalkersquickpushback = 0
startenginesleftpushback = 0.0
startenginesrightpushback = 0.0
startenginesquickpushback = 0.0
maxwingspan = 44.0
radiusleft = 22.0
radiusright = 17.6
gatedistancethreshold = 25.0
loadertype = 3 3 2
airlinecodes = 
type = 9
handlingtexture = 
cateringtexture = 
passengerpaththickness = 2.5
passengerpaththickness_deboarding = 2.5
walkertype = GsxJetwayPassenger
walkerpaththickness = 2.5
walkerloopstart = 0
usercustomized = 1
this_parking_pos = 41.3006140947912 -95.8978759141219 -55.5214123535157
pushback_pos = 41.3007334885061 -95.898105751366 124.478587646484
baggage_loader_front_pos = 41.3008417852796 -95.8979508804706 174.478587646484
baggage_loader_rear_pos = 41.300803241767 -95.8978117221424 124.478587646484
baggage_train_front_pos = 41.3007996928343 -95.8980858123928 139.478587646484
baggage_train_rear_pos = 41.3008469535765 -95.8980239449857 124.478587646484
stairs_rear_pos = 41.3004744355445 -95.898063927788 124.478587646484
parkingsystem_objectposition = 41.3008135447407 -95.8981966176137 132.798587646485 0
parkingsystem_stopposition = 41.3007070448307 -95.898056061639 -55.5214123535157

