[general]
creator = dcby13

[jetway_rootfloor_heights]
kpdx_jetway_clean_swa = 4.85

[gate e 9]
nopassengerstairs = 1
nopassengerbus = 1
nopassengerbus_deboarding = 1
ignoreicaoprefixes = 0
ignorepreferredexit = 0
snapleftpushbackpos = 0
snaprightpushbackpos = 0
undergroundrefueling = 1
dontcreatejetways = 0
disablepaxbarriers = 0
disablepaxbarriers_deboarding = 0
parkingsystem = Marshaller
hasjetway = 1
pushback = 0
pushbacktype = 1
pushbackaddpos = [{'label': 'Facing SE on Taxi K (NL)', 'pos': (45.58972451923671, -122.58793660732432, 119.07912292480397), 'snap': False, 'approach': [(45.589349382756076, -122.58845099810628, -151.1608755111642), (45.589921285216974, -122.58844000125733, 134.07912292480398), None, None, None, None, None, None, None, None, None, None, None, None, None, None, None, None, None, None, None], 'wws': 0, 'startEngines': 38.0}, {'label': 'Facing NW on Taxi K (NR)', 'pos': (45.58983442875084, -122.58821879583334, -60.92087707519592), 'snap': False, 'approach': [(45.58934972839309, -122.5884518921231, -151.1608786392278), (45.5896379700039, -122.58771515439116, -76.16087707519614), None, None, None, None, None, None, None, None, None, None, None, None, None, None, None, None, None, None, None], 'wws': 0, 'startEngines': 38.0}]
pushbacklabels = Nose Right/Tail Left (LEFT)|Nose Left/Tail Right (RIGHT)
wingwalkersleftpushback = 0
wingwalkersrightpushback = 0
wingwalkersquickpushback = 0
startenginesleftpushback = 0.0
startenginesrightpushback = 0.0
startenginesquickpushback = 0.0
maxwingspan = 44.0
radiusleft = 22.0
radiusright = 17.6
gatedistancethreshold = 25.0
loadertype = 3 3 2
airlinecodes = SWA
type = 9
handlingtexture = WN_WHITE
cateringtexture = SWA
passengerpaththickness = 2.5
passengerpaththickness_deboarding = 2.5
walkertype = GsxJetwayPassenger
walkerpaththickness = 2.5
walkerloopstart = 0
usercustomized = 1
this_parking_pos = 45.589225793194 -122.588548508672 -151.160877075196
pushback_pos = 45.5890531880196 -122.588683878469 28.839122924804
baggage_loader_front_pos = 45.5891710160179 -122.588850180263 78.839122924804
baggage_loader_rear_pos = 45.5892293479947 -122.588854628362 78.839122924804
baggage_train_front_pos = 45.5891084889431 -122.588743496873 28.839122924804
baggage_train_rear_pos = 45.589132618844 -122.588805910823 28.839122924804
stairs_rear_pos = 45.5888227953141 -122.588364250835 28.839122924804
parkingsystem_objectposition = 45.5889715153901 -122.588794455158 35.9391229248038 0
parkingsystem_stopposition = 45.5891032457167 -122.588644980712 -151.160877075196

