[general]
creator = dcby13

[jetway_rootfloor_heights]
mk_kphl_dk_jetway = 4.10

[gate a 7]
nopassengerstairs = 1
nopassengerbus = 1
nopassengerbus_deboarding = 1
ignoreicaoprefixes = 0
ignorepreferredexit = 0
snapleftpushbackpos = 0
snaprightpushbackpos = 0
undergroundrefueling = 1
dontcreatejetways = 0
disablepaxbarriers = 0
disablepaxbarriers_deboarding = 0
parkingsystem = SafeDockTS42LSupport
hasjetway = 1
pushback = 0
pushbacktype = 1
pushbackaddpos = [{'label': 'Facing S on Apron (NL)', 'pos': (39.874156213828975, -75.24567357513652, -163.62978208007905), 'snap': False, 'approach': [(39.87466855732709, -75.24601474725135, 276.7796764072371), (39.874934031487065, -75.2453772287004, -148.6297820800791), None, None, None, None, None, None, None, None, None, None, None, None, None, None, None, None, None, None, None], 'wws': 0, 'startEngines': 47.0}]
pushbacklabels = Nose Right/Tail Left (LEFT)|Nose Left/Tail Right (RIGHT)
wingwalkersleftpushback = 0
wingwalkersrightpushback = 0
wingwalkersquickpushback = 0
startenginesleftpushback = 0.0
startenginesrightpushback = 0.0
startenginesquickpushback = 0.0
maxwingspan = 36.0
radiusleft = 18.0
radiusright = 14.4
gatedistancethreshold = 25.0
loadertype = 3 3 2
airlinecodes = 
type = 8
handlingtexture = 
cateringtexture = 
passengerpaththickness = 2.5
passengerpaththickness_deboarding = 2.5
walkertype = GsxJetwayPassenger
walkerpaththickness = 2.5
walkerloopstart = 0
usercustomized = 1
this_parking_pos = 39.8746943093038 -75.2462972343073 -83.2201820800784
pushback_pos = 39.8747208701342 -75.2465587976092 105.479817919921
baggage_loader_front_pos = 39.874875064478 -75.24645003829 146.779817919922
baggage_loader_rear_pos = 39.8749238794344 -75.2462809057649 156.779817919922
baggage_train_front_pos = 39.8749986379706 -75.2465785076802 -163.62018208008
baggage_train_rear_pos = 39.8749953610538 -75.2465345914766 -164.220182080078
stairs_rear_pos = 39.8744850948744 -75.2466901556824 81.7798179199217
parkingsystem_objectposition = 39.8747296611733 -75.246684664121 96.7798179199216 -0.32
parkingsystem_stopposition = 39.8747136121408 -75.2465085592417 -83.2201820800784

