[general]
creator = dcby13

[jetway_rootfloor_heights]
kphx_jetway = 4.30

[gate c 3]
nopassengerstairs = 1
nopassengerbus = 1
nopassengerbus_deboarding = 1
ignoreicaoprefixes = 0
ignorepreferredexit = 0
snapleftpushbackpos = 0
snaprightpushbackpos = 0
undergroundrefueling = 1
dontcreatejetways = 0
disablepaxbarriers = 0
disablepaxbarriers_deboarding = 0
parkingsystem = Marshaller
hasjetway = 1
pushback = 0
pushbacktype = 2
pushbackaddpos = [{'label': 'Facing S on Taxi 5 (NR)', 'pos': (33.43340605493944, -111.99779708260114, -179.87718371582065), 'snap': False, 'approach': [(33.43430791984007, -111.99779477847987, 150.12281628417935), None, None, None, None, None, None, None, None, None, None, None, None, None, None, None, None, None, None, None, None], 'wws': 0, 'startEngines': 66.0}]
pushbacklabels = Nose Right/Tail Left (LEFT)|Nose Left/Tail Right (RIGHT)
wingwalkersleftpushback = 0
wingwalkersrightpushback = 0
wingwalkersquickpushback = 0
startenginesleftpushback = 0.0
startenginesrightpushback = 0.0
startenginesquickpushback = 0.0
maxwingspan = 40.0
radiusleft = 20.0
radiusright = 16.0
gatedistancethreshold = 25.0
loadertype = 3 3 2
airlinecodes = SWA
type = 9
handlingtexture = WN_1971,WN_WHITE
cateringtexture = SWA
passengerpaththickness = 2.5
passengerpaththickness_deboarding = 2.5
walkertype = GsxJetwayPassenger
walkerpaththickness = 2.5
walkerloopstart = 0
usercustomized = 1
this_parking_pos = 33.4340225908889 -111.997340528737 79.4428162841799
pushback_pos = 33.4340548030965 -111.997134385117 -100.55718371582
baggage_loader_front_pos = 33.4339108162291 -111.997154554044 -10.5571837158201
baggage_loader_rear_pos = 33.4338564883387 -111.997184439902 -85.5571837158201
baggage_train_front_pos = 33.4346941080529 -111.997362909374 -90.0451837158214
baggage_train_rear_pos = 33.4346657774254 -111.997356331309 -91.6531837158211
stairs_rear_pos = 33.4342970176034 -111.997142425784 -90.7571837158212
parkingsystem_objectposition = 33.434101387039 -111.997017898685 -110.407183715821 0
parkingsystem_stopposition = 33.4340534612803 -111.997142118331 79.4428162841799

