[general]
creator = dcby13

[gate 9]
nopassengerstairs = 1
nopassengerbus = 1
nopassengerbus_deboarding = 1
ignoreicaoprefixes = 0
ignorepreferredexit = 0
snapleftpushbackpos = 0
snaprightpushbackpos = 0
undergroundrefueling = 0
dontcreatejetways = 0
disablepaxbarriers = 0
disablepaxbarriers_deboarding = 0
parkingsystem = Marshaller
hasjetway = 1
pushback = 0
pushbacktype = 1
pushbackaddpos = [{'label': 'Facing E on Apron', 'pos': (33.82467929946343, -116.50660018020774, 90.12000610351608), 'snap': False, 'approach': [(33.8238037318569, -116.50606562463139, -129.59999200996555), (33.824679016621985, -116.50643768878047, 90.12000610351608), None, None, None, None, None, None, None, None, None, None, None, None, None, None, None, None, None, None, None], 'wws': 0, 'startEngines': 35.0}]
pushbacklabels = Nose Right/Tail Left (LEFT)|Nose Left/Tail Right (RIGHT)
wingwalkersleftpushback = 0
wingwalkersrightpushback = 0
wingwalkersquickpushback = 0
startenginesleftpushback = 0.0
startenginesrightpushback = 0.0
startenginesquickpushback = 0.0
maxwingspan = 40.0
radiusleft = 20.0
radiusright = 16.0
gatedistancethreshold = 25.0
loadertype = 3 3 2
airlinecodes = 
type = 9
handlingtexture = 
cateringtexture = 
passengerpaththickness = 2.5
passengerpaththickness_deboarding = 2.5
walkertype = GsxJetwayPassenger
walkerpaththickness = 2.5
walkerloopstart = 0
usercustomized = 1
this_parking_pos = 33.8237458477053 -116.506150581081 -129.599993896484
pushback_pos = 33.8236228674579 -116.506328695715 50.400006103516
baggage_loader_front_pos = 33.8237833850528 -116.506376392912 100.400006103516
baggage_loader_rear_pos = 33.8238326501125 -116.506364117927 100.400006103516
baggage_train_front_pos = 33.823674796572 -116.506361942678 50.400006103516
baggage_train_rear_pos = 33.8237308873235 -116.506358658757 50.400006103516
stairs_rear_pos = 33.8233766036283 -116.506275260575 50.400006103516
parkingsystem_objectposition = 33.8235391807947 -116.50639833361 42.7000061035168 0
parkingsystem_stopposition = 33.8236535326504 -116.506284947848 -129.599993896484

