[general]
creator = dcby13

[jetway_rootfloor_heights]
kpvd_jw = 4.20

[parking 17]
nopassengerstairs = 0
nopassengerbus = 1
nopassengerbus_deboarding = 1
ignoreicaoprefixes = 0
ignorepreferredexit = 0
snapleftpushbackpos = 0
snaprightpushbackpos = 0
undergroundrefueling = 0
dontcreatejetways = 0
disablepaxbarriers = 0
disablepaxbarriers_deboarding = 0
parkingsystem = Marshaller
hasjetway = 1
pushback = 0
pushbacktype = 1
pushbackaddpos = [{'snap': False, 'approach': [(41.72806632480894, -71.43483985662232, 74.888656616211), None, None, None, None, None, None, None, None], 'pos': (41.7283508728, -71.4344502737, 44.8886566162), 'label': u'Nose Left - Facing NE on Taxi N'}]
pushbacklabels = Nose Right/Tail Left (LEFT)|Nose Left/Tail Right (RIGHT)
maxwingspan = 44.0
radiusleft = 22.0
radiusright = 17.6
gatedistancethreshold = 25.0
loadertype = 3 3 2
airlinecodes = 
type = 9
handlingtexture = 
cateringtexture = 
passengerpaththickness = 2.5
passengerpaththickness_deboarding = 2.5
walkertype = GsxJetwayPassenger
walkerpaththickness = 2.5
walkerloopstart = 0
usercustomized = 1
this_parking_pos = 41.7277866997744 -71.4342645572694 149.888656616211
parkingsystem_objectposition = 41.7274881242247 -71.4340332086043 -30.111343383789 0
pushback_pos = 41.727587969125 -71.434088175674 -45.1113433837891
baggage_loader_front_pos = 41.7276050449465 -71.4343207300775 59.8886566162109
baggage_loader_rear_pos = 41.7276597623925 -71.434442846092 -39.1113433837893
baggage_train_rear_pos = 41.7275695225913 -71.4342527298593 -30.111343383789

