[general]
creator = dcby13

[jetway_rootfloor_heights]
jetway = 4.20

[gate 17]
nopassengerstairs = 1
nopassengerbus = 1
nopassengerbus_deboarding = 1
ignoreicaoprefixes = 0
ignorepreferredexit = 0
snapleftpushbackpos = 0
snaprightpushbackpos = 0
undergroundrefueling = 0
dontcreatejetways = 0
disablepaxbarriers = 0
disablepaxbarriers_deboarding = 0
parkingsystem = Marshaller
hasjetway = 1
pushback = 0
pushbacktype = 1
pushbackaddpos = [{'label': 'Facing NE on Apron (NL)', 'pos': (41.728520421747646, -71.43422543171361, 44.947400244140994), 'snap': False, 'approach': [(41.727863248757316, -71.43432492214684, 149.94739894410523), (41.72805414781166, -71.43480379421923, 74.947400244141), None, None, None, None, None, None, None, None, None, None, None, None, None, None, None, None, None, None, None], 'wws': 0, 'startEngines': 39.0}]
pushbacklabels = Nose Right/Tail Left (LEFT)|Nose Left/Tail Right (RIGHT)
wingwalkersleftpushback = 0
wingwalkersrightpushback = 0
wingwalkersquickpushback = 0
startenginesleftpushback = 0.0
startenginesrightpushback = 0.0
startenginesquickpushback = 0.0
maxwingspan = 36.0
radiusleft = 18.0
radiusright = 14.4
gatedistancethreshold = 25.0
loadertype = 3 3 2
airlinecodes = 
type = 8
handlingtexture = 
cateringtexture = 
passengerpaththickness = 2.5
passengerpaththickness_deboarding = 2.5
walkertype = GsxJetwayPassenger
walkerpaththickness = 2.5
walkerloopstart = 0
usercustomized = 1
this_parking_pos = 41.7277600977743 -71.4342445872677 149.947400244141
parkingsystem_objectposition = 41.7274930041133 -71.4340378865413 -29.9309997558594 0
pushback_pos = 41.7276067565426 -71.4340950716833 -45.052599755859
baggage_loader_front_pos = 41.7275393130889 -71.4342232598421 -45.052599755859
baggage_loader_rear_pos = 41.727544860518 -71.4344495789507 -30.052599755859
baggage_train_front_pos = 41.7275240147951 -71.4341600327611 -60.052599755859
baggage_train_rear_pos = 41.7274987254921 -71.4341732423213 -60.052599755859
stairs_rear_pos = 41.7277670297442 -71.4338492239539 -45.0525997558591
parkingsystem_stopposition = 41.7276590819674 -71.4341661910907 149.947400244141

