[general]

[gate 3]
nopassengerstairs = 0
nopassengerbus = 1
nopassengerbus_deboarding = 1
ignoreicaoprefixes = 0
ignorepreferredexit = 0
snapleftpushbackpos = 0
snaprightpushbackpos = 0
undergroundrefueling = 1
dontcreatejetways = 0
disablepaxbarriers = 1
disablepaxbarriers_deboarding = 0
parkingsystem = Marshaller
hasjetway = 0
pushback = 0
pushbacktype = 1
pushbackaddpos = [{'snap': False, 'approach': [(40.213500132847535, -111.71371677126639, 70.37674914649963), (40.21308837732362, -111.7142459278242, -34.0221339417), None, None, None, None, None, None, None], 'pos': (40.213036939495474, -111.71420032461056, -34.0221339417), 'label': u'Nose Left - Facing NW on Apron'}]
pushbacklabels = Nose Right/Tail Left (LEFT)|Nose Left/Tail Right (RIGHT)
maxwingspan = 44.0
radiusleft = 22.0
radiusright = 17.6
gatedistancethreshold = 25.0
loadertype = 1 1 2
airlinecodes = 
type = 9
handlingtexture = 
cateringtexture = 
passengerpaththickness = 1.8
passengerpaththickness_deboarding = 2.5
walkertype = GsxJetwayPassenger
walkerpaththickness = 2.5
walkerloopstart = 0
usercustomized = 1
pushback_pos = 40.2137877320384 -111.713177834978 -123.902133941651
this_parking_pos = 40.2136499135508 -111.713405609858 55.9778660583496
parkingsystem_objectposition = 40.2138204550319 -111.71306570382 -123.90213394165 0
parkingsystem_stopposition = 40.2137325651913 -111.713245706947 55.9778660583496
passengerentergatepos = (40.213962881681155, -111.71304702093347, 0.10399999999999998)
passengerwaypoints = [(40.213899723076175, -111.71317205887735, 0.0039999999999999385), (40.21389438874205, -111.71313337039687, 0.0039999999999999385), (40.213859048282416, -111.71309946609075, 0.11199999999999996), (40.21387159486147, -111.71307659677448, 0.11199999999999996), (40.21392475108425, -111.71312360142133, 0.13199999999999998)]

