[general]
creator = dcby13

[jetway_rootfloor_heights]
kpwm_jetway = 3.45

[gate 3]
nopassengerstairs = 0
nopassengerbus = 1
nopassengerbus_deboarding = 1
ignoreicaoprefixes = 0
ignorepreferredexit = 0
snapleftpushbackpos = 0
snaprightpushbackpos = 0
undergroundrefueling = 0
dontcreatejetways = 0
disablepaxbarriers = 0
disablepaxbarriers_deboarding = 0
parkingsystem = Marshaller
hasjetway = 1
pushback = 0
pushbacktype = 1
pushbackaddpos = [{'snap': False, 'approach': [(43.646497238050145, -70.30950749282518, 5.3569922065734845), (43.6459711474393, -70.30946951272338, -24.643007793426534), None, None, None, None, None, None, None], 'pos': (43.6459981568, -70.3094863565, -24.6430077934), 'label': u'Nose Left - Facing NW on Apron'}, {'snap': False, 'approach': [(43.64649722040085, -70.30950723363017, -354.64300779342653), (43.64598542814359, -70.3096792371235, -324.64300779342653), None, None, None, None, None, None, None], 'pos': (43.6460096928, -70.3096557723, -324.643007793), 'label': u'Nose Right - Facing NE on Apron'}]
pushbacklabels = Nose Right/Tail Left (LEFT)|Nose Left/Tail Right (RIGHT)
maxwingspan = 42.0
radiusleft = 21.0
radiusright = 16.8
gatedistancethreshold = 25.0
loadertype = 3 3 2
airlinecodes = 
type = 9
handlingtexture = 
cateringtexture = 
passengerpaththickness = 2.5
passengerpaththickness_deboarding = 2.5
walkertype = GsxJetwayPassenger
walkerpaththickness = 2.5
walkerloopstart = 0
usercustomized = 1
this_parking_pos = 43.6466931179166 -70.3094820678234 5.35699220657349
pushback_pos = 43.6469301269774 -70.3094844521301 -174.643007793427
baggage_loader_front_pos = 43.6467559065905 -70.309247582726 -84.6430077934267
baggage_loader_rear_pos = 43.646484055971 -70.3092124286542 -6.04300779342667
baggage_train_front_pos = 43.6468315647235 -70.3093560647253 -169.843007793427
baggage_train_rear_pos = 43.6466447279499 -70.3092417005923 -159.643007793427
parkingsystem_objectposition = 43.6469495699381 -70.3094487983282 -174.643007793427 0

