[general]
creator = dcby13

[jetway_rootfloor_heights]
gmkrdujetway = 4.95

[gate c 17]
nopassengerstairs = 1
nopassengerbus = 1
nopassengerbus_deboarding = 1
ignoreicaoprefixes = 0
ignorepreferredexit = 0
snapleftpushbackpos = 0
snaprightpushbackpos = 0
undergroundrefueling = 1
dontcreatejetways = 0
disablepaxbarriers = 0
disablepaxbarriers_deboarding = 0
parkingsystem = SafeDockTS42LSupportGrey
hasjetway = 1
pushback = 0
pushbacktype = 1
pushbackaddpos = [{'label': 'Facing NE on Taxi F (NL)', 'pos': (35.87886578509574, -78.79358358165764, 45.10030485839802), 'snap': False, 'approach': [(35.879397492486426, -78.79213335045677, 135.82021133491102), (35.87924734370677, -78.79311258051507, 45.10030485839802), None, None, None, None, None, None, None, None, None, None, None, None, None, None, None, None, None, None, None], 'wws': 0, 'startEngines': 39.0}, {'label': 'Facing SW on Taxi F (NR)', 'pos': (35.87994726511413, -78.79225005548415, -134.89969514160214), 'snap': False, 'approach': [(35.879397493984804, -78.79213335258588, 135.8202056542742), (35.880011021692354, -78.79217195923225, -134.89969514160214), None, None, None, None, None, None, None, None, None, None, None, None, None, None, None, None, None, None, None], 'wws': 0, 'startEngines': 39.0}]
pushbacklabels = Nose Right/Tail Left (LEFT)|Nose Left/Tail Right (RIGHT)
wingwalkersleftpushback = 0
wingwalkersrightpushback = 0
wingwalkersquickpushback = 0
startenginesleftpushback = 0.0
startenginesrightpushback = 0.0
startenginesquickpushback = 0.0
maxwingspan = 40.0
radiusleft = 20.0
radiusright = 16.0
gatedistancethreshold = 25.0
loadertype = 3 3 2
airlinecodes = 
type = 9
handlingtexture = 
cateringtexture = 
passengerpaththickness = 2.5
passengerpaththickness_deboarding = 2.5
walkertype = GsxJetwayPassenger
walkerpaththickness = 2.5
walkerloopstart = 0
usercustomized = 1
this_parking_pos = 35.8793113666128 -78.7920295189061 135.820304858398
pushback_pos = 35.8791898547492 -78.791884426787 -44.179695141602
baggage_loader_front_pos = 35.8791269559641 -78.7919650681069 -44.179695141602
baggage_loader_rear_pos = 35.8790890968202 -78.7920436104507 -44.179695141602
baggage_train_front_pos = 35.8788753653842 -78.7921224704378 45.820304858398
baggage_train_rear_pos = 35.8789052460895 -78.7921494351556 45.820304858398
parkingsystem_objectposition = 35.8791192606057 -78.7917989068556 -44.179695141602 0.28
parkingsystem_stopposition = 35.8792207480821 -78.7919208572495 135.820304858398
stairs_rear_pos = 35.8794251944396 -78.7917886591068 -44.1796951416021

