[general]
creator = dcby13

[gate b 4]
nopassengerstairs = 1
nopassengerbus = 1
nopassengerbus_deboarding = 1
ignoreicaoprefixes = 0
ignorepreferredexit = 0
snapleftpushbackpos = 0
snaprightpushbackpos = 0
undergroundrefueling = 0
dontcreatejetways = 0
disablepaxbarriers = 0
disablepaxbarriers_deboarding = 0
parkingsystem = Marshaller
hasjetway = 1
pushback = 0
pushbacktype = 1
pushbackaddpos = [{'snap': False, 'approach': [(39.50556881159141, -119.77376038502105, -179.93448455638233), (39.50597036563569, -119.77397652887305, 120.06706237792966), None, None, None, None, None, None, None], 'pos': (39.5058963449, -119.772828695, 90.3070623779), 'label': u'Nose Left - Facing E on Taxi H'}]
pushbacklabels = Nose Right/Tail Left (LEFT)|Nose Left/Tail Right (RIGHT)
maxwingspan = 36.0
radiusleft = 18.0
radiusright = 14.4
gatedistancethreshold = 25.0
loadertype = 3 3 2
airlinecodes = 
type = 8
handlingtexture = 
cateringtexture = 
passengerpaththickness = 2.5
passengerpaththickness_deboarding = 2.5
walkertype = GsxJetwayPassenger
walkerpaththickness = 2.5
walkerloopstart = 0
usercustomized = 1
baggage_loader_front_pos = 39.5051167029297 -119.774012203526 0.0670623779296875
baggage_loader_rear_pos = 39.5051426750314 -119.774047510276 0.0670623779296875
baggage_train_front_pos = 39.5051371044981 -119.773864044809 0.0670623779296573
stairs_front_pos = 39.5051822174786 -119.773552838589 -44.9329376220703
this_parking_pos = 39.5053121064492 -119.773760765385 -179.93293762207
parkingsystem_objectposition = 39.5050434977312 -119.773761173005 0.0670623779296875 0
parkingsystem_stopposition = 39.5052301074781 -119.773760889986 -179.93293762207

