[general]
creator = dcby13

[jetway_rootfloor_heights]
lvfr_ksan_jetway = 3.95

[gate 49]
nopassengerstairs = 1
nopassengerbus = 1
nopassengerbus_deboarding = 1
ignoreicaoprefixes = 0
ignorepreferredexit = 0
snapleftpushbackpos = 0
snaprightpushbackpos = 0
undergroundrefueling = 0
dontcreatejetways = 0
disablepaxbarriers = 0
disablepaxbarriers_deboarding = 0
parkingsystem = Marshaller
hasjetway = 1
pushback = 0
pushbacktype = 1
pushbackaddpos = [{'snap': False, 'approach': [(32.73275701991179, -117.20600460830573, -172.95175443741948), None, None, None, None, None, None, None, None], 'pos': (32.7332886728, -117.206305517, 92.2485827637), 'label': u'Nose Left - Facing E on Apron'}, {'snap': False, 'approach': [(32.7327570163624, -117.20600461491405, -172.9505030540632), None, None, None, None, None, None, None, None], 'pos': (32.7333394212, -117.20582627, -135.271417236), 'label': u'Nose Right - Facing SW on Apron'}]
pushbacklabels = Nose Right/Tail Left (LEFT)|Nose Left/Tail Right (RIGHT)
maxwingspan = 46.0
radiusleft = 23.0
radiusright = 18.4
gatedistancethreshold = 25.0
loadertype = 3 3 2
airlinecodes = 
type = 9
handlingtexture = 
cateringtexture = 
passengerpaththickness = 2.5
passengerpaththickness_deboarding = 2.5
walkertype = GsxJetwayPassenger
walkerpaththickness = 2.5
walkerloopstart = 0
usercustomized = 1
baggage_loader_front_pos = 32.7323398124652 -117.206182029114 8.32858276367188
baggage_loader_rear_pos = 32.7323631025847 -117.20620969468 8.32858276367188
baggage_train_front_pos = 32.7322793881494 -117.206137074108 8.32858276367186
baggage_train_rear_pos = 32.7322823138883 -117.206160719663 8.32858276367186
this_parking_pos = 32.73259436233 -117.206028500367 -172.951417236329
parkingsystem_objectposition = 32.7322473296348 -117.206079245012 7.12858276367186 0
parkingsystem_stopposition = 32.7324209317712 -117.206054062816 -173.12141723633

[gate 9]
nopassengerstairs = 1
nopassengerbus = 1
nopassengerbus_deboarding = 1
ignoreicaoprefixes = 0
ignorepreferredexit = 0
snapleftpushbackpos = 0
snaprightpushbackpos = 0
undergroundrefueling = 0
dontcreatejetways = 0
disablepaxbarriers = 0
disablepaxbarriers_deboarding = 0
parkingsystem = Marshaller
hasjetway = 1
pushback = 0
pushbacktype = 1
pushbackaddpos = [{'snap': False, 'approach': [(32.733318840344396, -117.19695468275899, 140.58353698730474), (32.733776100450804, -117.197022105917, -163.50583302134308), None, None, None, None, None, None, None], 'pos': (32.73439167, -117.197284177, 106.023536987), 'label': u'Nose Left - Facing E on Taxi B'}, {'snap': False, 'approach': [(32.733318840344396, -117.19695468275897, 140.58353698730474), (32.73372484814151, -117.19702634591928, -159.59389694192788), (32.73392608098656, -117.19697949163807, -157.75535850932476), None, None, None, None, None, None], 'pos': (32.7341892386, -117.19644985, -73.9764630127), 'label': u'Nose Right - Facing W on Taxi B'}]
pushbacklabels = Nose Right/Tail Left (LEFT)|Nose Left/Tail Right (RIGHT)
maxwingspan = 40.0
radiusleft = 20.0
radiusright = 16.0
gatedistancethreshold = 25.0
loadertype = 3 3 2
airlinecodes = 
type = 9
handlingtexture = 
cateringtexture = 
passengerpaththickness = 2.5
passengerpaththickness_deboarding = 2.5
walkertype = GsxJetwayPassenger
walkerpaththickness = 2.5
walkerloopstart = 0
usercustomized = 1
this_parking_pos = 32.7331940954459 -117.196832470719 140.583536987305
pushback_pos = 32.7329449786226 -117.196633155735 -39.4164630126953
baggage_loader_front_pos = 32.7329560175627 -117.196881176533 10.5835369873047
baggage_loader_rear_pos = 32.7330727676949 -117.197001314355 -39.4164630126953
parkingsystem_objectposition = 32.7329349268558 -117.196579292371 -39.4164630126953 0

