[general]
creator = dcby13

[jetway_rootfloor_heights]
ksav_jw = 4.40

[gate 8]
nopassengerstairs = 0
nopassengerbus = 1
nopassengerbus_deboarding = 1
ignoreicaoprefixes = 0
ignorepreferredexit = 0
snapleftpushbackpos = 0
snaprightpushbackpos = 0
undergroundrefueling = 0
dontcreatejetways = 0
disablepaxbarriers = 0
disablepaxbarriers_deboarding = 0
parkingsystem = Marshaller
hasjetway = 1
pushback = 0
pushbacktype = 1
pushbackaddpos = [{'snap': False, 'approach': [(32.13629244285556, -81.207613484686, -179.0861608886721), (32.13673793591285, -81.20791367464906, 90.67383911132802), None, None, None, None, None, None, None], 'pos': (32.1367375833, -81.207879051, 90.6738391113), 'label': u'Nose Left - Facing E on Apron'}]
pushbacklabels = Nose Right/Tail Left (LEFT)|Nose Left/Tail Right (RIGHT)
maxwingspan = 44.0
radiusleft = 22.0
radiusright = 17.6
gatedistancethreshold = 25.0
loadertype = 3 3 2
airlinecodes = 
type = 9
handlingtexture = 
cateringtexture = 
passengerpaththickness = 2.5
passengerpaththickness_deboarding = 2.5
walkertype = GsxJetwayPassenger
walkerpaththickness = 2.5
walkerloopstart = 0
usercustomized = 1
this_parking_pos = 32.1361205570073 -81.207616726668 -179.086160888672
parkingsystem_objectposition = 32.135833209859 -81.2076221456374 0.913839111327974 0
pushback_pos = 32.1358705355614 -81.2075950420159 -14.086160888672
baggage_loader_front_pos = 32.1359634034876 -81.2078623233921 50.913839111328
baggage_loader_rear_pos = 32.136017398542 -81.207875440487 50.913839111328
baggage_train_front_pos = 32.1358610983386 -81.2076781936146 0.913839111328002
baggage_train_rear_pos = 32.1359086175402 -81.2077902968277 0.913839111328002

