[general]
creator = dcby13

[jetway_rootfloor_heights]
mk_ksea_jetway_b = 3.55

[s parking 1]
nopassengerstairs = 0
nopassengerbus = 0
nopassengerbus_deboarding = 0
ignoreicaoprefixes = 0
ignorepreferredexit = 0
snapleftpushbackpos = 0
snaprightpushbackpos = 0
undergroundrefueling = 0
dontcreatejetways = 0
disablepaxbarriers = 0
disablepaxbarriers_deboarding = 0
parkingsystem = Marshaller
hasjetway = 0
pushback = 0
pushbacktype = 2
pushbackaddpos = [{'wws': 0, 'snap': False, 'startEngines': 39.0, 'approach': [(47.46129198273839, -122.30166385596684, -179.8110071701711), None, None, None, None, None, None, None, None], 'pos': (47.4617409781, -122.300984422, -89.8110070801), 'label': u'Facing W on Apron (NR)'}]
pushbacklabels = Nose Right/Tail Left (LEFT)|Nose Left/Tail Right (RIGHT)
wingwalkersleftpushback = 0
wingwalkersrightpushback = 0
wingwalkersquickpushback = 0
startenginesleftpushback = 0.0
startenginesrightpushback = 0.0
startenginesquickpushback = 0.0
maxwingspan = 63.0
radiusleft = 31.0
radiusright = 24.8
gatedistancethreshold = 25.0
loadertype = 3 3 2
airlinecodes = 
type = 5
handlingtexture = 
cateringtexture = 
passengerpaththickness = 2.5
passengerpaththickness_deboarding = 2.5
walkertype = GsxJetwayPassenger
walkerpaththickness = 2.5
walkerloopstart = 0
usercustomized = 1
this_parking_pos = 47.4610719428032 -122.301664929755 -179.811007080078
pushback_pos = 47.4607580401419 -122.301667119217 0.188992919921985
baggage_loader_front_pos = 47.4608482724997 -122.30195647377 90.188992919922
baggage_loader_rear_pos = 47.4610660628939 -122.302172658522 0.188992919921985
baggage_loader_main_pos = 47.4609878939879 -122.301175638799 -44.811007080078
stairs_front_pos = 47.4607782184112 -122.30143956367 0.188992919921985
parkingsystem_objectposition = 47.4606234796834 -122.301667120651 0.188992919921986 0
parkingsystem_stopposition = 47.4608306617955 -122.301666107251 -179.811007080078

[gate b 8]
nopassengerstairs = 1
nopassengerbus = 1
nopassengerbus_deboarding = 1
ignoreicaoprefixes = 0
ignorepreferredexit = 0
snapleftpushbackpos = 0
snaprightpushbackpos = 0
undergroundrefueling = 1
dontcreatejetways = 0
disablepaxbarriers = 0
disablepaxbarriers_deboarding = 0
parkingsystem = SafeDockT42Screen
hasjetway = 1
pushback = 0
pushbacktype = 2
pushbackaddpos = [{'label': 'Facing S on Apron (NL)', 'pos': (47.44097346838399, -122.302401799746, -179.62893310546937), 'snap': False, 'approach': [(47.44142311021569, -122.30239751135827, -149.62893310546954), None, None, None, None, None, None, None, None, None, None, None, None, None, None, None, None, None, None, None, None], 'wws': 0, 'startEngines': 103.0}]
pushbacklabels = Nose Right/Tail Left (LEFT)|Nose Left/Tail Right (RIGHT)
wingwalkersleftpushback = 0
wingwalkersrightpushback = 0
wingwalkersquickpushback = 0
startenginesleftpushback = 0.0
startenginesrightpushback = 0.0
startenginesquickpushback = 0.0
maxwingspan = 38.0
radiusleft = 19.0
radiusright = 15.2
gatedistancethreshold = 25.0
loadertype = 3 3 2
airlinecodes = SWA
type = 9
handlingtexture = WN_WHITE
cateringtexture = SWA
passengerpaththickness = 2.5
passengerpaththickness_deboarding = 2.5
walkertype = GsxJetwayPassenger
walkerpaththickness = 2.5
walkerloopstart = 0
usercustomized = 1
this_parking_pos = 47.4412593017986 -122.303101587349 -69.5889331054688
pushback_pos = 47.4413288320343 -122.303378903963 110.411066894531
baggage_loader_front_pos = 47.4414282765771 -122.303203725069 160.411066894531
baggage_loader_rear_pos = 47.441431580825 -122.303131285818 110.411066894531
baggage_train_front_pos = 47.4413943112157 -122.303317809299 110.411066894531
baggage_train_rear_pos = 47.4414164749364 -122.30326038558 110.411066894531
stairs_rear_pos = 47.441119449186 -122.303376337158 110.411066894531
parkingsystem_objectposition = 47.4413530565205 -122.303500865939 108.461066894531 0.02
parkingsystem_stopposition = 47.4413037792251 -122.30327841809 -69.5889331054688

