[general]
creator = dcby13

[s parking 1]
nopassengerstairs = 0
nopassengerbus = 0
nopassengerbus_deboarding = 0
ignoreicaoprefixes = 0
ignorepreferredexit = 0
snapleftpushbackpos = 0
snaprightpushbackpos = 0
undergroundrefueling = 0
dontcreatejetways = 0
disablepaxbarriers = 0
disablepaxbarriers_deboarding = 0
parkingsystem = Marshaller
hasjetway = 0
pushback = 0
pushbacktype = 2
pushbackaddpos = [{'wws': 0, 'snap': False, 'startEngines': 39.0, 'approach': [(47.46129198273839, -122.30166385596684, -179.8110071701711), None, None, None, None, None, None, None, None], 'pos': (47.4617409781, -122.300984422, -89.8110070801), 'label': u'Facing W on Apron (NR)'}]
pushbacklabels = Nose Right/Tail Left (LEFT)|Nose Left/Tail Right (RIGHT)
wingwalkersleftpushback = 0
wingwalkersrightpushback = 0
wingwalkersquickpushback = 0
startenginesleftpushback = 0.0
startenginesrightpushback = 0.0
startenginesquickpushback = 0.0
maxwingspan = 63.0
radiusleft = 31.0
radiusright = 24.8
gatedistancethreshold = 25.0
loadertype = 3 3 2
airlinecodes = 
type = 5
handlingtexture = 
cateringtexture = 
passengerpaththickness = 2.5
passengerpaththickness_deboarding = 2.5
walkertype = GsxJetwayPassenger
walkerpaththickness = 2.5
walkerloopstart = 0
usercustomized = 1
this_parking_pos = 47.4610719428032 -122.301664929755 -179.811007080078
pushback_pos = 47.4607580401419 -122.301667119217 0.188992919921985
baggage_loader_front_pos = 47.4608482724997 -122.30195647377 90.188992919922
baggage_loader_rear_pos = 47.4610660628939 -122.302172658522 0.188992919921985
baggage_loader_main_pos = 47.4609878939879 -122.301175638799 -44.811007080078
stairs_front_pos = 47.4607782184112 -122.30143956367 0.188992919921985
parkingsystem_objectposition = 47.4606234796834 -122.301667120651 0.188992919921986 0
parkingsystem_stopposition = 47.4608306617955 -122.301666107251 -179.811007080078

