[general]
creator = dcby13

[jetway_rootfloor_heights]
flightbeam_ksfo_jetwaymedium = 5.40

[gate b 13]
nopassengerstairs = 1
nopassengerbus = 1
nopassengerbus_deboarding = 1
ignoreicaoprefixes = 0
ignorepreferredexit = 0
snapleftpushbackpos = 0
snaprightpushbackpos = 0
undergroundrefueling = 1
dontcreatejetways = 0
disablepaxbarriers = 0
disablepaxbarriers_deboarding = 0
parkingsystem = SafeDockT42Grey
hasjetway = 1
pushback = 0
pushbacktype = 1
pushbackaddpos = [{'snap': False, 'approach': [(37.61189776126385, -122.38409597134122, -62.14614868164101), (37.61189815065663, -122.38364461801702, -152.26614868164143), None, None, None, None, None, None, None], 'pos': (37.6119123927, -122.383634938, -152.266148682), 'label': u'Nose Left - Facing SW on Taxi Y'}, {'snap': False, 'approach': [(37.61189776126385, -122.38409597134122, -62.14614868164101), (37.611601261827374, -122.38384030119994, 27.733851318359065), None, None, None, None, None, None, None], 'pos': (37.6115870199, -122.383849981, 27.7338513184), 'label': u'Nose Right - Facing NE on Taxi Y'}]
pushbacklabels = Nose Right/Tail Left (LEFT)|Nose Left/Tail Right (RIGHT)
maxwingspan = 36.0
radiusleft = 18.0
radiusright = 14.4
gatedistancethreshold = 25.0
loadertype = 3 3 2
airlinecodes = 
type = 8
handlingtexture = 
cateringtexture = 
passengerpaththickness = 2.5
passengerpaththickness_deboarding = 2.5
walkertype = GsxJetwayPassenger
walkerpaththickness = 2.5
walkerloopstart = 0
usercustomized = 1
this_parking_pos = 37.6119837505814 -122.3843018167 -62.1461486816409
pushback_pos = 37.6120671771141 -122.384567282806 102.853851318359
baggage_loader_front_pos = 37.6121840393619 -122.384427476407 117.853851318359
baggage_loader_rear_pos = 37.6121533707108 -122.384284463835 116.053851318359
baggage_train_front_pos = 37.6121355778693 -122.384469177468 117.853851318359
baggage_train_rear_pos = 37.6121599525875 -122.384451074534 117.853851318359
parkingsystem_objectposition = 37.6121306514139 -122.384660512649 117.853851318359 -0.104

