[general]
creator = dcby13

[jetway_rootfloor_heights]
ksjclow_jetway = 1.20

[gate 31]
nopassengerstairs = 1
nopassengerbus = 1
nopassengerbus_deboarding = 1
ignoreicaoprefixes = 0
ignorepreferredexit = 0
snapleftpushbackpos = 0
snaprightpushbackpos = 0
undergroundrefueling = 0
dontcreatejetways = 0
disablepaxbarriers = 0
disablepaxbarriers_deboarding = 0
parkingsystem = Marshaller
hasjetway = 1
pushback = 0
pushbacktype = 2
pushbackaddpos = [{'label': 'Facing NW on Taxi Z (NL)', 'pos': (37.36242009158971, -121.92381679173872, -41.281600000000054), 'snap': False, 'approach': [(37.36246749599292, -121.92306823875629, 48.55999884155192), (37.361979852416965, -121.9233330403127, -26.281600000000026), None, None, None, None, None, None, None, None, None, None, None, None, None, None, None, None, None, None, None], 'wws': 0, 'startEngines': 40.0}, {'label': 'Facing SE on Taxi Z (NR)', 'pos': (37.362385660460916, -121.92378037391673, 138.8), 'snap': False, 'approach': [(37.36246749599403, -121.92306823875762, 48.55999926894967), (37.362453579088246, -121.92385439045391, 138.8), None, None, None, None, None, None, None, None, None, None, None, None, None, None, None, None, None, None, None], 'wws': 0, 'startEngines': 40.0}]
pushbacklabels = Nose Right/Tail Left (LEFT)|Nose Left/Tail Right (RIGHT)
wingwalkersleftpushback = 0
wingwalkersrightpushback = 0
wingwalkersquickpushback = 0
startenginesleftpushback = 0.0
startenginesrightpushback = 0.0
startenginesquickpushback = 0.0
maxwingspan = 44.0
radiusleft = 22.0
radiusright = 17.6
gatedistancethreshold = 25.0
loadertype = 3 3 2
airlinecodes = SWA
type = 9
handlingtexture = WN_WHITE
cateringtexture = SWA
passengerpaththickness = 2.5
passengerpaththickness_deboarding = 2.5
walkertype = GsxJetwayPassenger
walkerpaththickness = 2.5
walkerloopstart = 0
usercustomized = 1
this_parking_pos = 37.3625698582074 -121.922921956994 48.56
pushback_pos = 37.3627231154385 -121.922704476716 -131.44
baggage_loader_front_pos = 37.3626353789855 -121.922630273482 -131.44
baggage_loader_rear_pos = 37.3625345447266 -121.922593800225 -131.44
baggage_train_front_pos = 37.3626651018947 -121.922686317994 -131.44
baggage_train_rear_pos = 37.3625566140212 -121.922672614214 -131.44
stairs_rear_pos = 37.3628744305402 -121.922987788871 -131.44
parkingsystem_objectposition = 37.3627638534584 -121.922586855192 -124.590000000001 0
parkingsystem_stopposition = 37.3626831514865 -121.922760549677 48.56

