[general]
creator = dcby13

[jetway_rootfloor_heights]
gmkslcjetway = 6.90

[gate b 20]
nopassengerstairs = 1
nopassengerbus = 1
nopassengerbus_deboarding = 1
ignoreicaoprefixes = 0
ignorepreferredexit = 0
snapleftpushbackpos = 0
snaprightpushbackpos = 0
undergroundrefueling = 0
dontcreatejetways = 0
disablepaxbarriers = 0
disablepaxbarriers_deboarding = 0
parkingsystem = SafeDockT42Screen
hasjetway = 1
pushback = 0
pushbacktype = 1
pushbackaddpos = [{'snap': False, 'approach': [(40.788162294854054, -111.98660154495579, -4.870483398437619), (40.78761495310748, -111.98695985254614, 84.6495166015626), None, None, None, None, None, None, None], 'pos': (40.7876232725, -111.986843529, 84.6495166016), 'label': 'Facing E on Apron (NR)', 'wws': 0, 'startEngines': 45.0}, {'snap': False, 'approach': [(40.788162294854054, -111.98660154495579, -4.870483398437619), (40.78768804632499, -111.98595944988227, -95.35048339843753), None, None, None, None, None, None, None], 'pos': (40.78771491024267, -111.98558151819684, -95.3504833984), 'label': 'Facing W on Taxi 2N (NL)', 'wws': 0, 'startEngines': 45.0}]
pushbacklabels = Nose Right/Tail Left (LEFT)|Nose Left/Tail Right (RIGHT)
maxwingspan = 36.0
radiusleft = 18.0
radiusright = 14.4
gatedistancethreshold = 25.0
loadertype = 3 3 2
airlinecodes = SWA
type = 8
handlingtexture = WN_WHITE
cateringtexture = SWA
passengerpaththickness = 2.5
passengerpaththickness_deboarding = 2.5
walkertype = GsxJetwayPassenger
walkerpaththickness = 2.5
walkerloopstart = 0
usercustomized = 1
this_parking_pos = 40.788352898943 -111.986623035313 -4.87048339843752
pushback_pos = 40.7885213688638 -111.986642209544 175.129516601562
parkingsystem_objectposition = 40.7887313336905 -111.98666588578 175.529516601563 0.216
baggage_loader_front_pos = 40.7884861461861 -111.986378757235 -134.870483398438
baggage_train_front_pos = 40.7885488355613 -111.986533704691 175.129516601562
baggage_train_rear_pos = 40.7885058230208 -111.986458251454 175.129516601562
wingwalkersleftpushback = 0
wingwalkersrightpushback = 0
wingwalkersquickpushback = 0
startenginesleftpushback = 0.0
startenginesrightpushback = 0.0
startenginesquickpushback = 0.0
parkingsystem_stopposition = 40.788480841083 -111.986637444176 -4.87048339843752

