[general]
creator = dcby13

[jetway_rootfloor_heights]
gmkslcjetway = 6.80

[gate b 20]
nopassengerstairs = 1
nopassengerbus = 1
nopassengerbus_deboarding = 1
ignoreicaoprefixes = 0
ignorepreferredexit = 0
snapleftpushbackpos = 0
snaprightpushbackpos = 0
undergroundrefueling = 0
dontcreatejetways = 0
disablepaxbarriers = 0
disablepaxbarriers_deboarding = 0
parkingsystem = SafeDockT42Screen
hasjetway = 1
pushback = 0
pushbacktype = 1
pushbackaddpos = [{'snap': False, 'approach': [(40.78807257033043, -111.98659148576839, 355.1295166015624), (40.787624777530496, -111.98682183858274, 84.6495166015626), None, None, None, None, None, None, None], 'pos': (40.7876232725, -111.986843529, 84.6495166016), 'label': u'Nose Right - Facing E on Apron'}, {'snap': False, 'approach': [(40.78807257033043, -111.98659148576839, 355.1295166015624), (40.78769644326768, -111.98584148910436, -95.35048339843753), None, None, None, None, None, None, None], 'pos': (40.7877065133, -111.985699479, -95.3504833984), 'label': u'Nose Left - Facing W on Taxi 2N'}]
pushbacklabels = Nose Right/Tail Left (LEFT)|Nose Left/Tail Right (RIGHT)
maxwingspan = 36.0
radiusleft = 18.0
radiusright = 14.4
gatedistancethreshold = 25.0
loadertype = 3 3 2
airlinecodes = 
type = 8
handlingtexture = 
cateringtexture = 
passengerpaththickness = 2.5
passengerpaththickness_deboarding = 2.5
walkertype = GsxJetwayPassenger
walkerpaththickness = 2.5
walkerloopstart = 0
usercustomized = 1
this_parking_pos = 40.788352898943 -111.986623035313 -4.87048339843752
pushback_pos = 40.7885816228547 -111.986674243181 175.129516601562
parkingsystem_objectposition = 40.7887313336905 -111.98666588578 175.529516601563 0.216
baggage_loader_front_pos = 40.7884861461861 -111.986378757235 -134.870483398438
baggage_train_front_pos = 40.7885680802071 -111.986515647917 175.129516601562
baggage_train_rear_pos = 40.7885096211477 -111.986469378974 175.129516601562

