[general]
creator = dcby13

[jetway_rootfloor_heights]
noolaero jetway = 4.50

[gate b 16]
nopassengerstairs = 1
nopassengerbus = 1
nopassengerbus_deboarding = 1
ignoreicaoprefixes = 0
ignorepreferredexit = 0
snapleftpushbackpos = 0
snaprightpushbackpos = 0
undergroundrefueling = 1
dontcreatejetways = 0
disablepaxbarriers = 0
disablepaxbarriers_deboarding = 0
parkingsystem = Marshaller
hasjetway = 1
pushback = 0
pushbacktype = 2
pushbackaddpos = [{'label': 'Facing E on Taxi Y (NL)', 'pos': (38.69697928364271, -121.59450851581096, 90.71997253417992), 'snap': False, 'approach': [(38.696463584352465, -121.59411409857543, -179.28002734169436), (38.696979851167384, -121.59456545010848, 90.71997253417992), None, None, None, None, None, None, None, None, None, None, None, None, None, None, None, None, None, None, None], 'wws': 0, 'startEngines': 37.0}, {'label': 'Facing W on Taxi Y (NR)', 'pos': (38.69697135384659, -121.59370330397148, -449.28002746581996), 'snap': False, 'approach': [(38.69646358469106, -121.5941141329573, -179.28002758994566), (38.6969707999813, -121.59364636945493, -449.28002746581996), None, None, None, None, None, None, None, None, None, None, None, None, None, None, None, None, None, None, None], 'wws': 0, 'startEngines': 37.0}]
pushbacklabels = Nose Right/Tail Left (LEFT)|Nose Left/Tail Right (RIGHT)
wingwalkersleftpushback = 0
wingwalkersrightpushback = 0
wingwalkersquickpushback = 0
startenginesleftpushback = 0.0
startenginesrightpushback = 0.0
startenginesquickpushback = 0.0
maxwingspan = 40.0
radiusleft = 20.0
radiusright = 16.0
gatedistancethreshold = 25.0
loadertype = 3 3 2
airlinecodes = SWA
type = 9
handlingtexture = WN_WHITE
cateringtexture = SWA
passengerpaththickness = 2.5
passengerpaththickness_deboarding = 2.5
walkertype = GsxJetwayPassenger
walkerpaththickness = 2.5
walkerloopstart = 0
usercustomized = 1
this_parking_pos = 38.6963291813613 -121.594116270978 -179.28002746582
pushback_pos = 38.6961121003443 -121.594119751867 0.719972534179961
baggage_loader_front_pos = 38.696181737293 -121.594357586934 50.71997253418
stairs_rear_pos = 38.6960108622464 -121.5938109901 0.719972534179961
parkingsystem_objectposition = 38.6960329568555 -121.594077933469 -9.13002746582178 0
parkingsystem_stopposition = 38.6961827831292 -121.594118628731 -179.28002746582

