[general]
creator = dcby13

[jetway_rootfloor_heights]
feelthere-kstl-jetway = 4.48

[gate e 12]
nopassengerstairs = 1
nopassengerbus = 1
nopassengerbus_deboarding = 1
ignoreicaoprefixes = 0
ignorepreferredexit = 0
snapleftpushbackpos = 0
snaprightpushbackpos = 0
undergroundrefueling = 1
dontcreatejetways = 0
disablepaxbarriers = 0
disablepaxbarriers_deboarding = 0
parkingsystem = Marshaller
hasjetway = 1
pushback = 0
pushbacktype = 1
pushbackaddpos = [{'label': 'Facing SE on Apron (NL)', 'pos': (38.73839618960152, -90.35400950914102, 122.22103801269519), 'snap': False, 'approach': [(38.7375694380532, -90.35398358617229, 221.94583706963064), (38.738420275669434, -90.35405770669259, 122.22103801269519), None, None, None, None, None, None, None, None, None, None, None, None, None, None, None, None, None, None, None], 'wws': 0, 'startEngines': 36.0}, {'label': 'Facing NW on Apron (NR)', 'pos': (38.73839679173217, -90.35401036945039, -57.76936198730501), 'snap': False, 'approach': [(38.737569438050265, -90.35398358617097, 221.9458373844341), (38.73798835436729, -90.35318383608659, -72.76936198730505), None, None, None, None, None, None, None, None, None, None, None, None, None, None, None, None, None, None, None], 'wws': 0, 'startEngines': 36.0}]
pushbacklabels = Nose Right/Tail Left (LEFT)|Nose Left/Tail Right (RIGHT)
wingwalkersleftpushback = 0
wingwalkersrightpushback = 0
wingwalkersquickpushback = 0
startenginesleftpushback = 0.0
startenginesrightpushback = 0.0
startenginesquickpushback = 0.0
maxwingspan = 40.0
radiusleft = 20.0
radiusright = 16.0
gatedistancethreshold = 25.0
loadertype = 3 3 2
airlinecodes = 
type = 9
handlingtexture = 
cateringtexture = 
passengerpaththickness = 2.5
passengerpaththickness_deboarding = 2.5
walkertype = GsxJetwayPassenger
walkerpaththickness = 2.5
walkerloopstart = 0
usercustomized = 1
this_parking_pos = 38.7373615930522 -90.3542229891099 -138.054161987305
pushback_pos = 38.7371933398586 -90.3543965376053 33.7458380126951
baggage_loader_front_pos = 38.7373303139123 -90.3545306070807 91.945838012695
baggage_loader_rear_pos = 38.737406403019 -90.3545177404416 91.945838012695
baggage_train_rear_pos = 38.7372788911505 -90.3544771585149 41.945838012695
stairs_rear_pos = 38.7370951231267 -90.354188547152 41.9458380126949
parkingsystem_stopposition = 38.7372600667613 -90.3543400257853 -138.054161987305

