[general]
creator = dcby13

[jetway_rootfloor_heights]
ktul_jw = 4.25

[gate 3b]
nopassengerstairs = 1
nopassengerbus = 1
nopassengerbus_deboarding = 1
ignoreicaoprefixes = 0
ignorepreferredexit = 0
snapleftpushbackpos = 0
snaprightpushbackpos = 0
undergroundrefueling = 0
dontcreatejetways = 0
disablepaxbarriers = 0
disablepaxbarriers_deboarding = 0
parkingsystem = Marshaller
hasjetway = 1
pushback = 0
pushbacktype = 2
pushbackaddpos = [{'label': 'Unnamed 1', 'pos': (36.19280228745946, -95.89027041033147, 37.65960476074192), 'snap': False, 'approach': [(36.19212436515386, -95.89091542078616, 67.65960476074191), None, None, None, None, None, None, None, None, None, None, None, None, None, None, None, None, None, None, None, None], 'wws': 0, 'startEngines': 110.0}]
pushbacklabels = Nose Right/Tail Left (LEFT)|Nose Left/Tail Right (RIGHT)
wingwalkersleftpushback = 0
wingwalkersrightpushback = 0
wingwalkersquickpushback = 0
startenginesleftpushback = 0.0
startenginesrightpushback = 0.0
startenginesquickpushback = 0.0
maxwingspan = 36.0
radiusleft = 18.0
radiusright = 14.4
gatedistancethreshold = 25.0
loadertype = 3 3 2
airlinecodes = SWA
type = 8
handlingtexture = WN_WHITE
cateringtexture = SWA
passengerpaththickness = 2.5
passengerpaththickness_deboarding = 2.5
walkertype = GsxJetwayPassenger
walkerpaththickness = 2.5
walkerloopstart = 0
usercustomized = 1
this_parking_pos = 36.1919714241206 -95.8903086431603 127.818004760742
pushback_pos = 36.1918321743256 -95.8900873175724 -52.181995239258
baggage_loader_front_pos = 36.1917574240302 -95.8902436150264 -2.181995239258
baggage_loader_rear_pos = 36.1917562317269 -95.8903227329239 -52.181995239258
baggage_train_front_pos = 36.1918019983929 -95.8901437979579 -52.181995239258
baggage_train_rear_pos = 36.1917338577416 -95.8901921578314 -52.181995239258
stairs_rear_pos = 36.1920264124888 -95.8899463594725 -52.1819952392581
parkingsystem_objectposition = 36.1918138937258 -95.8900116847391 -58.4319952392586 0
parkingsystem_stopposition = 36.1918765390499 -95.8901571881495 127.818004760742

