[general]
creator = dcby13

[jetway_rootfloor_heights]
kvps_jw = 4.30

[gate 2b]
nopassengerstairs = 1
nopassengerbus = 1
nopassengerbus_deboarding = 1
ignoreicaoprefixes = 0
ignorepreferredexit = 0
snapleftpushbackpos = 0
snaprightpushbackpos = 0
undergroundrefueling = 0
dontcreatejetways = 0
disablepaxbarriers = 0
disablepaxbarriers_deboarding = 0
parkingsystem = Marshaller
hasjetway = 1
pushback = 0
pushbacktype = 2
pushbackaddpos = [{'label': 'Facing S on Apron (NL)', 'pos': (30.494236342475332, -86.54835400744695, -178.19223876953194), 'snap': False, 'approach': [(30.49500300346138, -86.54832609029825, -148.192238769532), None, None, None, None, None, None, None, None, None, None, None, None, None, None, None, None, None, None, None, None], 'wws': 0, 'startEngines': 66.0}]
pushbacklabels = Nose Right/Tail Left (LEFT)|Nose Left/Tail Right (RIGHT)
wingwalkersleftpushback = 0
wingwalkersrightpushback = 0
wingwalkersquickpushback = 0
startenginesleftpushback = 0.0
startenginesrightpushback = 0.0
startenginesquickpushback = 0.0
maxwingspan = 44.0
radiusleft = 22.0
radiusright = 17.6
gatedistancethreshold = 25.0
loadertype = 3 3 2
airlinecodes = 
type = 9
handlingtexture = 
cateringtexture = 
passengerpaththickness = 2.5
passengerpaththickness_deboarding = 2.5
walkertype = GsxJetwayPassenger
walkerpaththickness = 2.5
walkerloopstart = 0
usercustomized = 1
this_parking_pos = 30.4947296425361 -86.5490066941363 -69.3522387695313
pushback_pos = 30.4947843516315 -86.5491743449101 110.647761230469
baggage_loader_front_pos = 30.4948801401475 -86.5490844729264 170.647761230469
baggage_loader_rear_pos = 30.4949398085584 -86.5490730619545 125.647761230469
baggage_train_front_pos = 30.4948487376064 -86.5491636926831 110.647761230469
baggage_train_rear_pos = 30.4948956690524 -86.5491432708943 110.647761230469
stairs_rear_pos = 30.4946121407942 -86.5493223832617 91.847761230469
parkingsystem_objectposition = 30.4947984207771 -86.5492932351123 104.947761230469 0
parkingsystem_stopposition = 30.494767902749 -86.5491248016647 -69.3522387695313

