[general]
creator = dcby13

[jetway_rootfloor_heights]
ldza-jetway = 5.30

[gate e 3]
nopassengerstairs = 1
nopassengerbus = 1
nopassengerbus_deboarding = 1
ignoreicaoprefixes = 0
ignorepreferredexit = 0
snapleftpushbackpos = 0
snaprightpushbackpos = 0
undergroundrefueling = 0
dontcreatejetways = 0
disablepaxbarriers = 0
disablepaxbarriers_deboarding = 0
parkingsystem = SafeDockTS24Ground2
hasjetway = 1
pushback = 0
pushbacktype = 1
pushbackaddpos = [{'label': 'Facing NE on Taxi MC (NL)', 'pos': (45.74281213906207, 16.078022020254664, 46.74321220703132), 'snap': False, 'approach': [(45.742603699838035, 16.07892299781199, 136.70001359457336), (45.74275050614777, 16.077928929650998, 46.74321220703132), None, None, None, None, None, None, None, None, None, None, None, None, None, None, None, None, None, None, None], 'wws': 0, 'startEngines': 53.0}, {'label': 'Facing SW on Taxi MC (NR)', 'pos': (45.742935488992266, 16.078209133685103, -133.23278779296913), 'snap': False, 'approach': [(45.74260369983376, 16.078922997805552, 136.7000124273618), (45.743374290818146, 16.07885100921535, -148.23278779296913), None, None, None, None, None, None, None, None, None, None, None, None, None, None, None, None, None, None, None], 'wws': 0, 'startEngines': 53.0}]
pushbacklabels = Nose Right/Tail Left (LEFT)|Nose Left/Tail Right (RIGHT)
wingwalkersleftpushback = 0
wingwalkersrightpushback = 0
wingwalkersquickpushback = 0
startenginesleftpushback = 0.0
startenginesrightpushback = 0.0
startenginesquickpushback = 0.0
maxwingspan = 36.0
radiusleft = 18.0
radiusright = 14.4
gatedistancethreshold = 25.0
loadertype = 3 3 2
airlinecodes = 
type = 8
handlingtexture = 
cateringtexture = 
passengerpaththickness = 2.5
passengerpaththickness_deboarding = 2.5
walkertype = GsxJetwayPassenger
walkerpaththickness = 2.5
walkerloopstart = 0
usercustomized = 1
this_parking_pos = 45.7424086599877 16.0791863295537 136.700012207031
parkingsystem_objectposition = 45.7421168259343 16.0795835699031 -43.2999877929688 0
pushback_pos = 45.7422184251041 16.079443245371 -43.2999877929688
baggage_loader_front_pos = 45.742140673301 16.0793501372337 -43.2999877929688
baggage_loader_rear_pos = 45.7421910162079 16.0792675505325 -43.2999877929688
baggage_train_front_pos = 45.7421915407791 16.0793693640973 -58.2999877929687
baggage_train_rear_pos = 45.7421576161664 16.0792637720955 -43.2999877929688
stairs_rear_pos = 45.7423178356469 16.0798356119194 -43.2999877929688
parkingsystem_stopposition = 45.7423012814479 16.0793313313721 136.700012207031

