[general]
creator = dcby13

[jetway_rootfloor_heights]
leal-jetway = 4.45

[none 19]
nopassengerstairs = 1
nopassengerbus = 1
nopassengerbus_deboarding = 1
ignoreicaoprefixes = 0
ignorepreferredexit = 0
snapleftpushbackpos = 0
snaprightpushbackpos = 0
undergroundrefueling = 1
dontcreatejetways = 0
disablepaxbarriers = 0
disablepaxbarriers_deboarding = 0
parkingsystem = SafeDockTS24
hasjetway = 1
pushback = 0
pushbacktype = 1
pushbackaddpos = [{'label': 'Facing W on Taxi C (NL)', 'pos': (38.28480197813821, -0.5548451567090147, -79.66372213592545), 'snap': False, 'approach': [(38.28539174094321, -0.5551150172535503, 10.63867759231481), (38.28478578808699, -0.5547332353053299, -79.66372213592545), None, None, None, None, None, None, None, None, None, None, None, None, None, None, None, None, None, None, None], 'wws': 0, 'startEngines': 50.0}, {'label': 'Facing E on Taxi C (NR)', 'pos': (38.284826587129515, -0.5550200743101283, 100.36507786407482), 'snap': False, 'approach': [(38.28539166967637, -0.5551145359055846, -349.3613218641654), (38.284927670144235, -0.5556931644015186, 85.94107786407483), None, None, None, None, None, None, None, None, None, None, None, None, None, None, None, None, None, None, None], 'wws': 0, 'startEngines': 50.0}]
pushbacklabels = Nose Right/Tail Left (LEFT)|Nose Left/Tail Right (RIGHT)
wingwalkersleftpushback = 0
wingwalkersrightpushback = 0
wingwalkersquickpushback = 0
startenginesleftpushback = 0.0
startenginesrightpushback = 0.0
startenginesquickpushback = 0.0
maxwingspan = 44.0
radiusleft = 22.0
radiusright = 17.6
gatedistancethreshold = 25.0
loadertype = 3 3 2
airlinecodes = 
type = 9
handlingtexture = 
cateringtexture = 
passengerpaththickness = 2.5
passengerpaththickness_deboarding = 2.5
walkertype = GsxJetwayPassenger
walkerpaththickness = 2.5
walkerloopstart = 0
usercustomized = 1
this_parking_pos = 38.2855964429087 -0.555065983017701 10.6386778640747
pushback_pos = 38.2857930017589 -0.555019138607314 -169.361322135925
baggage_loader_front_pos = 38.2856818599011 -0.554775825578556 -119.361322135925
baggage_loader_rear_pos = 38.2856355971364 -0.554744304836864 -119.361322135925
baggage_train_front_pos = 38.2857425194408 -0.55489114817792 -169.361322135925
baggage_train_rear_pos = 38.285726027574 -0.554847862222288 -169.361322135925
stairs_rear_pos = 38.2858109637176 -0.555350955916348 -169.361322135925
parkingsystem_objectposition = 38.2859285379925 -0.554986490422503 -169.361322135925 0
parkingsystem_stopposition = 38.2857567106554 -0.555027632439682 10.6386778640747

