[general]
creator = dcby13

[jetway_rootfloor_heights]
lebb_jetway = 4.93

[gate 5]
nopassengerstairs = 0
nopassengerbus = 1
nopassengerbus_deboarding = 1
ignoreicaoprefixes = 0
ignorepreferredexit = 0
snapleftpushbackpos = 0
snaprightpushbackpos = 0
undergroundrefueling = 0
dontcreatejetways = 0
disablepaxbarriers = 0
disablepaxbarriers_deboarding = 0
parkingsystem = Marshaller
hasjetway = 1
pushback = 0
pushbacktype = 2
pushbackaddpos = [{'wws': 0, 'startEngines': 35.0, 'pos': (43.3032609103, -2.90595724213, -33.5704289246), 'label': u'Nose Left - Facing NW on Taxi A2', 'snap': False, 'approach': [(43.30386081974334, -2.9059328660455996, 26.668991918400714), (43.30323614392302, -2.9059350287609944, -33.5704289245606), None, None, None, None, None, None, None]}, {'wws': 0, 'startEngines': 35.0, 'pos': (43.3035979731, -2.90660792832, 116.669571075), 'label': u'Nose Right - Facing SE on Taxi A2', 'snap': False, 'approach': [(43.303860823376, -2.90593286784868, 26.66959458595863), (43.3036113145094, -2.9066438263696, 116.66957107543945), None, None, None, None, None, None, None]}]
pushbacklabels = Nose Right/Tail Left (LEFT)|Nose Left/Tail Right (RIGHT)
wingwalkersleftpushback = 0
wingwalkersrightpushback = 0
wingwalkersquickpushback = 0
startenginesleftpushback = 0.0
startenginesrightpushback = 0.0
startenginesquickpushback = 0.0
maxwingspan = 48.0
radiusleft = 24.0
radiusright = 19.2
gatedistancethreshold = 25.0
loadertype = 3 3 2
airlinecodes = 
type = 9
handlingtexture = 
cateringtexture = 
passengerpaththickness = 2.5
passengerpaththickness_deboarding = 2.5
walkertype = GsxJetwayPassenger
walkerpaththickness = 2.5
walkerloopstart = 0
usercustomized = 1
this_parking_pos = 43.3040048714265 -2.90583323893172 26.6695710754394
pushback_pos = 43.3042671650547 -2.90571654833765 -153.330428924561
baggage_loader_front_pos = 43.3042369337877 -2.90553389632787 -153.330428924561
baggage_loader_rear_pos = 43.3041705680638 -2.90557359892583 -153.330428924561
baggage_loader_main_pos = 43.3042606794661 -2.90604233258362 161.669571075439
baggage_train_front_pos = 43.3042060529511 -2.90547389241592 -78.3304289245606
baggage_train_rear_pos = 43.3041383269759 -2.90555798515338 -153.330428924561
parkingsystem_objectposition = 43.3043078393026 -2.90562401767954 -153.330428924561 0
parkingsystem_stopposition = 43.3041572647408 -2.90572806030965 26.6695710754394

