[general]
creator = dcby13

[gate 22]
nopassengerstairs = 0
nopassengerbus = 0
nopassengerbus_deboarding = 0
ignoreicaoprefixes = 0
ignorepreferredexit = 0
snapleftpushbackpos = 0
snaprightpushbackpos = 0
undergroundrefueling = 0
dontcreatejetways = 0
disablepaxbarriers = 0
disablepaxbarriers_deboarding = 0
parkingsystem = Marshaller
hasjetway = 0
pushback = 0
pushbacktype = -1
pushbackaddpos = []
pushbacklabels = Nose Right/Tail Left (LEFT)|Nose Left/Tail Right (RIGHT)
wingwalkersleftpushback = 0
wingwalkersrightpushback = 0
wingwalkersquickpushback = 0
startenginesleftpushback = 0.0
startenginesrightpushback = 0.0
startenginesquickpushback = 0.0
maxwingspan = 54.0
radiusleft = 27.0
radiusright = 21.6
gatedistancethreshold = 25.0
loadertype = 3 3 2
airlinecodes = 
type = 14
handlingtexture = 
cateringtexture = 
passengerpaththickness = 2.5
passengerpaththickness_deboarding = 2.5
walkertype = GsxJetwayPassenger
walkerpaththickness = 2.5
walkerloopstart = 0
usercustomized = 1
this_parking_pos = 38.874342329986 1.36584580247025 12.4694676971436
baggage_loader_front_pos = 38.8747108255069 1.36624594363612 -137.530532302856
baggage_loader_rear_pos = 38.8746852462744 1.36629404937073 -162.730532302857
baggage_train_front_pos = 38.8748593923772 1.36591378546964 150.169467697144
baggage_train_rear_pos = 38.8748654373155 1.36595100719356 150.619467697144
stairs_front_pos = 38.8744613839126 1.36545741044303 102.469467697144
stairs_rear_pos = 38.8743512509839 1.36540720035413 102.469467697144
parkingsystem_objectposition = 38.8746794658976 1.36594161532909 -167.530532302856 0
parkingsystem_stopposition = 38.8744703073153 1.36588216016649 12.4694676971436

