[general]

[parking 5]
nopassengerstairs = 0
nopassengerbus = 1
nopassengerbus_deboarding = 1
ignoreicaoprefixes = 0
ignorepreferredexit = 0
snapleftpushbackpos = 0
snaprightpushbackpos = 0
undergroundrefueling = 0
dontcreatejetways = 0
disablepaxbarriers = 1
disablepaxbarriers_deboarding = 1
parkingsystem = Marshaller
hasjetway = 0
pushback = 3
pushbacktype = -1
pushbackaddpos = []
pushbacklabels = Nose Right/Tail Left (LEFT)|Nose Left/Tail Right (RIGHT)
maxwingspan = 46.0
radiusleft = 23.0
radiusright = 18.4
gatedistancethreshold = 25.0
loadertype = 1 1 2
airlinecodes = 
type = 4
handlingtexture = 
cateringtexture = 
passengerpaththickness = 2.5
passengerpaththickness_deboarding = 2.5
walkertype = GsxJetwayPassenger
walkerpaththickness = 2.5
walkerloopstart = 0
usercustomized = 1
baggage_loader_front_pos = 43.356357533225 -1.79265370797698 39.7591705322266
baggage_loader_rear_pos = 43.3566003729161 -1.79238870522879 -140.240829467774
baggage_train_front_pos = 43.3563220400263 -1.79280585685435 39.7591705322266
baggage_train_rear_pos = 43.356591887364 -1.79251166684531 -140.240829467774
this_parking_pos = 43.3563517269357 -1.79233138194753 -141.360829467774
parkingsystem_objectposition = 43.3561289473413 -1.79258168502966 39.5091705322266 0
parkingsystem_stopposition = 43.3562806405348 -1.79240796868023 -140.840829467774
stairs_front_pos = 43.355947058373 -1.79228458585769 -51.3608294677741
stairs_rear_pos = 43.3559775842763 -1.79220362672152 38.6391705322258
passengerentergatepos = (43.356306071120606, -1.7929886835346878, 0.0)
passengerwaypoints = [(43.3561589335458, -1.7924073523520256, 0.0), (43.356341120163314, -1.792723157524017, 0.0), (43.35635794168005, -1.792812376283767, 0.0), (43.35626388697322, -1.7929199750645015, 0.0)]
passengerentergatepos_deboarding = (43.35654298254613, -1.792800201290685, 0.0)
passengerwaypoints_deboarding = [(43.3561589335458, -1.7924073523520256, 0.0), (43.356341120163314, -1.792723157524017, 0.0), (43.356436684031216, -1.7927261101457956, 0.0), (43.35646791444596, -1.7926948737740087, 0.0), (43.3565126895648, -1.7927411838066885, 0.0)]

