[general]
creator = dcby13

[jetway_rootfloor_heights]
mkstudios_lezl_jetway = 5.37

[gate 4]
nopassengerstairs = 0
nopassengerbus = 1
nopassengerbus_deboarding = 1
ignoreicaoprefixes = 0
ignorepreferredexit = 0
snapleftpushbackpos = 0
snaprightpushbackpos = 0
undergroundrefueling = 0
dontcreatejetways = 0
disablepaxbarriers = 0
disablepaxbarriers_deboarding = 0
parkingsystem = SafeDock3Screen
hasjetway = 1
pushback = 0
pushbacktype = 2
pushbackaddpos = [{'wws': 0, 'snap': False, 'startEngines': 40.0, 'approach': [(37.42199205682887, -5.899277125307545, -45.934505872387966), (37.42191960342552, -5.898481692908405, -135.2143212890626), None, None, None, None, None, None, None], 'pos': (37.4218984073, -5.89850766571, -135.214321289), 'label': u'Nose Left - Facing SW on Taxi G5'}, {'wws': 0, 'snap': False, 'startEngines': 40.0, 'approach': [(37.421992059413455, -5.899277128910597, -45.9344568770768), (37.421268341092016, -5.899292271375401, 44.78567871100001), None, None, None, None, None, None, None], 'pos': (37.4209960092, -5.89963158542, 44.785678711), 'label': u'Nose Right - Facing NE on Taxi G5'}]
pushbacklabels = Nose Right/Tail Left (LEFT)|Nose Left/Tail Right (RIGHT)
wingwalkersleftpushback = 0
wingwalkersrightpushback = 0
wingwalkersquickpushback = 0
startenginesleftpushback = 0.0
startenginesrightpushback = 0.0
startenginesquickpushback = 0.0
maxwingspan = 38.0
radiusleft = 19.0
radiusright = 15.2
gatedistancethreshold = 25.0
loadertype = 3 3 2
airlinecodes = 
type = 9
passengerpaththickness = 2.5
passengerpaththickness_deboarding = 2.5
walkertype = GsxJetwayPassenger
walkerpaththickness = 2.5
walkerloopstart = 0
this_parking_pos = 37.4221233637174 -5.89944823885306 -45.9343212890626
usercustomized = 1
handlingtexture = 
cateringtexture = 
pushback_pos = 37.4222828542251 -5.89974224649792 104.065678710937
baggage_loader_front_pos = 37.4223884051468 -5.89947889145411 134.065678710937
baggage_loader_rear_pos = 37.4224205291722 -5.89945347750495 134.065678710937
baggage_train_front_pos = 37.4223459249895 -5.89955442071981 134.065678710937
baggage_train_rear_pos = 37.4223708175636 -5.89952136724124 134.065678710937
parkingsystem_objectposition = 37.4223471340925 -5.8997388854514 134.215678710937 0.36
parkingsystem_stopposition = 37.4222227108062 -5.89957753522654 -45.9343212890626

