[general]
creator = dcby13

[gate d 2]
nopassengerstairs = 0
nopassengerbus = 0
nopassengerbus_deboarding = 0
ignoreicaoprefixes = 0
ignorepreferredexit = 0
snapleftpushbackpos = 0
snaprightpushbackpos = 0
undergroundrefueling = 0
dontcreatejetways = 0
disablepaxbarriers = 0
disablepaxbarriers_deboarding = 0
parkingsystem = Marshaller
hasjetway = 0
pushback = 0
pushbacktype = 1
pushbackaddpos = [{'wws': 0, 'startEngines': 39.0, 'pos': (44.8280859701, -0.700051636664, -73.6386789322), 'label': u'Nose Left - Facing W on Taxi W4', 'snap': False, 'approach': [(44.82851427641884, -0.7003544845789793, 15.395244376566838), None, None, None, None, None, None, None, None]}, {'wws': 0, 'startEngines': 39.0, 'pos': (44.828251639149535, -0.7008444908739103, 106.36132106799997), 'label': u'Nose Right - Facing E on Taxi W4', 'snap': False, 'approach': [(44.82851417181633, -0.7003539509775204, -344.59260224094663), None, None, None, None, None, None, None, None]}]
pushbacklabels = Nose Right/Tail Left (LEFT)|Nose Left/Tail Right (RIGHT)
wingwalkersleftpushback = 0
wingwalkersrightpushback = 0
wingwalkersquickpushback = 0
startenginesleftpushback = 0.0
startenginesrightpushback = 0.0
startenginesquickpushback = 0.0
maxwingspan = 46.0
radiusleft = 23.0
radiusright = 18.4
gatedistancethreshold = 25.0
loadertype = 3 3 2
airlinecodes = 
type = 9
handlingtexture = 
cateringtexture = 
passengerpaththickness = 2.5
passengerpaththickness_deboarding = 2.5
walkertype = GsxJetwayPassenger
walkerpaththickness = 2.5
walkerloopstart = 0
usercustomized = 1
this_parking_pos = 44.8286472928681 -0.70030270656203 15.4013210678101
pushback_pos = 44.8288504587039 -0.70020631581726 -134.59867893219
baggage_loader_front_pos = 44.8288356536514 -0.70000464775788 -164.59867893219
baggage_loader_rear_pos = 44.8288172624841 -0.699972750923865 -164.59867893219
baggage_train_front_pos = 44.8295040071791 -0.700972203450667 139.60132106781
baggage_train_rear_pos = 44.829358635306 -0.700804893409443 143.20132106781
stairs_front_pos = 44.828881631598 -0.700419065930893 135.40132106781
stairs_rear_pos = 44.8288306342697 -0.700497961138621 -149.59867893219
parkingsystem_objectposition = 44.8289356956543 -0.700190582304429 -164.59867893219 0
parkingsystem_stopposition = 44.8287968669772 -0.700244644399314 15.4013210678101

