[general]
creator = dcby13

[parking 2c]
nopassengerstairs = 0
nopassengerbus = 1
nopassengerbus_deboarding = 1
ignoreicaoprefixes = 0
ignorepreferredexit = 0
snapleftpushbackpos = 0
snaprightpushbackpos = 0
undergroundrefueling = 0
dontcreatejetways = 0
disablepaxbarriers = 0
disablepaxbarriers_deboarding = 0
parkingsystem = Marshaller
hasjetway = 0
pushback = 3
pushbacktype = -1
pushbackaddpos = []
pushbacklabels = Nose Right/Tail Left (LEFT)|Nose Left/Tail Right (RIGHT)
wingwalkersleftpushback = 0
wingwalkersrightpushback = 0
wingwalkersquickpushback = 0
startenginesleftpushback = 0.0
startenginesrightpushback = 0.0
startenginesquickpushback = 0.0
maxwingspan = 34.0
radiusleft = 15.0
radiusright = 12.0
gatedistancethreshold = 25.0
loadertype = 3 3 2
airlinecodes = 
type = 3
handlingtexture = 
cateringtexture = 
passengerpaththickness = 1.8
passengerpaththickness_deboarding = 2.5
walkertype = GsxJetwayPassenger
walkerpaththickness = 2.5
walkerloopstart = 0
usercustomized = 1
this_parking_pos = 46.1765180154762 -1.1935698809637 -41.6634082031251
passengerentergatepos = (46.17615374979504, -1.1940011658091272, 0.0)
parkingsystem_objectposition = 46.176686536291 -1.1937868664263 138.336591796875 0
parkingsystem_stopposition = 46.1765913999603 -1.1936642197797 -41.6634082031251
baggage_loader_front_pos = 46.1763298854117 -1.19296832704474 -41.6634082031252
baggage_loader_rear_pos = 46.1763912106365 -1.19304350569035 -41.6634082031252
baggage_train_front_pos = 46.1763573455121 -1.19304903985973 -41.6634082031252
baggage_train_rear_pos = 46.1763734827873 -1.19311287867253 -41.6634082031252
stairs_front_pos = 46.1765674748767 -1.19398988205362 138.336591796875
stairs_rear_pos = 46.1762865826019 -1.19354598423389 3.3365917968749
passengerwaypoints = [(46.17636154395797, -1.1937235219993338, 0.0), (46.176309861136, -1.1937582930025827, 0.0), (46.176186344011626, -1.193770819370031, 0.0), (46.1761851186694, -1.1939807173857593, 0.0)]

