[general]
creator = dcby13

[gate c 6]
nopassengerstairs = 0
nopassengerbus = 1
nopassengerbus_deboarding = 1
ignoreicaoprefixes = 0
ignorepreferredexit = 0
snapleftpushbackpos = 0
snaprightpushbackpos = 0
undergroundrefueling = 0
dontcreatejetways = 0
disablepaxbarriers = 1
disablepaxbarriers_deboarding = 0
parkingsystem = Marshaller
hasjetway = 0
pushback = 0
pushbacktype = 0
pushbackaddpos = [{'label': 'Facing E on Taxi C (NR)', 'pos': (43.47053537990197, -1.5299147409628877, 89.45997558593734), 'snap': False, 'approach': [(43.47102518929683, -1.5294794560918312, 0.17980064845934768), None, None, None, None, None, None, None, None, None, None, None, None, None, None, None, None, None, None, None, None], 'wws': 0, 'startEngines': 52.0}]
pushbacklabels = Nose Right/Tail Left (LEFT)|Nose Left/Tail Right (RIGHT)
wingwalkersleftpushback = 0
wingwalkersrightpushback = 0
wingwalkersquickpushback = 0
startenginesleftpushback = 0.0
startenginesrightpushback = 0.0
startenginesquickpushback = 0.0
maxwingspan = 46.0
radiusleft = 23.0
radiusright = 18.4
gatedistancethreshold = 15.0
loadertype = 3 3 2
airlinecodes = 
type = 9
handlingtexture = 
cateringtexture = 
passengerpaththickness = 1.8
passengerpaththickness_deboarding = 2.5
walkertype = GsxJetwayPassenger
walkerpaththickness = 2.5
walkerloopstart = 0
usercustomized = 1
this_parking_pos = 43.4711947950187 -1.52947872151693 0.17997558593732
passengerentergatepos = (43.471831055149956, -1.5312480901410446, 0.0)
pushback_pos = 43.4714369152643 -1.52947829497532 -179.820024414063
parkingsystem_objectposition = 43.471601654909 -1.52947696088657 -179.820024414063 0
parkingsystem_stopposition = 43.4713611971817 -1.52947800185986 0.17997558593732
baggage_train_front_pos = 43.4714582251876 -1.52933649219614 -134.820024414063
baggage_train_rear_pos = 43.4714086875048 -1.52917871840125 -179.820024414063
stairs_front_pos = 43.4715095697161 -1.52976161377057 -179.820024414063
stairs_middle_pos = 43.4715078798386 -1.52980982016588 -179.820024414063
stairs_rear_pos = 43.4715016076259 -1.52982220580854 -179.820024414063
passengerwaypoints = [(43.4714684398468, -1.529674809537936, 0.0), (43.47163903564389, -1.5296785456787416, 0.0), (43.47162547129853, -1.5312052057685657, 0.0), (43.471742661454215, -1.5312448321455305, 0.0)]

[gate c 67]
nopassengerstairs = 0
nopassengerbus = 0
nopassengerbus_deboarding = 0
ignoreicaoprefixes = 0
ignorepreferredexit = 0
snapleftpushbackpos = 0
snaprightpushbackpos = 0
undergroundrefueling = 0
dontcreatejetways = 0
disablepaxbarriers = 0
disablepaxbarriers_deboarding = 0
parkingsystem = Marshaller
hasjetway = 0
pushback = 3
pushbacktype = 0
pushbackaddpos = []
pushbacklabels = Nose Right/Tail Left (LEFT)|Nose Left/Tail Right (RIGHT)
wingwalkersleftpushback = 0
wingwalkersrightpushback = 0
wingwalkersquickpushback = 0
startenginesleftpushback = 0.0
startenginesrightpushback = 0.0
startenginesquickpushback = 0.0
maxwingspan = 72.0
radiusleft = 36.0
radiusright = 28.8
gatedistancethreshold = 15.0
loadertype = 3 3 2
airlinecodes = 
type = 10
handlingtexture = 
cateringtexture = 
passengerpaththickness = 2.5
passengerpaththickness_deboarding = 2.5
walkertype = GsxJetwayPassenger
walkerpaththickness = 2.5
walkerloopstart = 0
usercustomized = 1

