[general]
creator = dcby13

[parking 2]
nopassengerstairs = 0
nopassengerbus = 1
nopassengerbus_deboarding = 1
ignoreicaoprefixes = 0
ignorepreferredexit = 0
snapleftpushbackpos = 0
snaprightpushbackpos = 0
undergroundrefueling = 0
dontcreatejetways = 0
disablepaxbarriers = 0
disablepaxbarriers_deboarding = 0
parkingsystem = Marshaller
hasjetway = 0
pushback = 0
pushbacktype = 1
pushbackaddpos = [{'label': 'Facing N on Apron (NL)', 'pos': (45.6385928061956, 5.882435596257614, -3.159915649414169), 'snap': False, 'approach': [(45.638480798014996, 5.883006841638353, 86.67208443826598), (45.63818857197117, 5.882467374437019, 11.840084350585832), None, None, None, None, None, None, None, None, None, None, None, None, None, None, None, None, None, None, None], 'wws': 0, 'startEngines': 34.0}, {'label': 'Facing S on Apron (NR)', 'pos': (45.63877071848727, 5.882420948496617, 176.82088435058645), 'snap': False, 'approach': [(45.638483409525634, 5.883070863772876, 86.6720910838201), (45.63886052376188, 5.882413872922757, 176.82088435058645), None, None, None, None, None, None, None, None, None, None, None, None, None, None, None, None, None, None, None], 'wws': 0, 'startEngines': 34.0}]
pushbacklabels = Nose Right/Tail Left (LEFT)|Nose Left/Tail Right (RIGHT)
wingwalkersleftpushback = 0
wingwalkersrightpushback = 0
wingwalkersquickpushback = 0
startenginesleftpushback = 0.0
startenginesrightpushback = 0.0
startenginesquickpushback = 0.0
maxwingspan = 46.3
radiusleft = 23.2
radiusright = 18.5
gatedistancethreshold = 25.0
loadertype = 3 3 2
airlinecodes = 
type = 4
handlingtexture = 
cateringtexture = 
passengerpaththickness = 2.0
passengerpaththickness_deboarding = 2.5
walkertype = GsxJetwayPassenger
walkerpaththickness = 2.5
walkerloopstart = 0
usercustomized = 1
this_parking_pos = 45.6384874669349 5.88317149530941 86.6720843505862
pushback_pos = 45.6384976705783 5.88342606229141 -93.3279156494138
baggage_loader_front_pos = 45.6384226046875 5.88341291209579 -93.3279156494139
baggage_loader_rear_pos = 45.6383768415772 5.88337595084696 -93.3279156494139
baggage_train_front_pos = 45.6382406119227 5.88317365037289 -3.32791564941378
baggage_train_rear_pos = 45.6382394209462 5.88312235878984 -3.32791564941378
stairs_front_pos = 45.6387426983746 5.88359564153913 -93.3279156494139
stairs_rear_pos = 45.6387797256963 5.88359308839099 -93.3279156494139
parkingsystem_objectposition = 45.638531940478 5.88357311974523 -102.777915649414 0
parkingsystem_stopposition = 45.6384971103773 5.88340867552646 86.6720843505862
passengerentergatepos = (45.63831163014921, 5.883645877837948, 0.0)
passengerwaypoints = [(45.63859274618213, 5.883577732329398, 0.0), (45.63850699646144, 5.883719723512563, 0.0), (45.63836233622095, 5.883556950298296, 0.0)]

