[general]
creator = dcby13

[jetway_rootfloor_heights]
fvfr_jetway_blank_low3 = 4.3

[none 9a]
nopassengerstairs = 0
nopassengerbus = 1
nopassengerbus_deboarding = 1
ignoreicaoprefixes = 0
ignorepreferredexit = 0
snapleftpushbackpos = 0
snaprightpushbackpos = 0
undergroundrefueling = 0
dontcreatejetways = 0
disablepaxbarriers = 0
disablepaxbarriers_deboarding = 0
parkingsystem = Marshaller
hasjetway = 1
pushback = 0
pushbacktype = 1
pushbackaddpos = [{'wws': 0, 'startEngines': 59.0, 'pos': (43.440112518, 5.22005363611, -45.4276766968), 'label': u'Nose Left - Facing NW on Apron', 'snap': False, 'approach': [(43.440665071638975, 5.220098729713028, 39.175354059321315), (43.440091659603425, 5.220082316562578, -45.42767669677781), None, None, None, None, None, None, None]}, {'wws': 0, 'startEngines': 59.0, 'pos': (43.4406234837, 5.21932953803, 133.372323303), 'label': u'Nose Right - Facing NW on Apron', 'snap': False, 'approach': [(43.440665071638975, 5.220098729713028, 39.175354059321315), (43.44063419207839, 5.219312485951831, 133.85232330322222), None, None, None, None, None, None, None]}]
pushbacklabels = Nose Right/Tail Left (LEFT)|Nose Left/Tail Right (RIGHT)
wingwalkersleftpushback = 0
wingwalkersrightpushback = 0
wingwalkersquickpushback = 0
startenginesleftpushback = 0.0
startenginesrightpushback = 0.0
startenginesquickpushback = 0.0
maxwingspan = 34.0
radiusleft = 16.0
radiusright = 12.8
gatedistancethreshold = 25.0
loadertype = 3 3 2
airlinecodes = 
type = 8
passengerpaththickness = 2.5
passengerpaththickness_deboarding = 2.5
walkertype = GsxJetwayPassenger
walkerpaththickness = 2.5
walkerloopstart = 0
this_parking_pos = 43.4410974660692 5.22042284367605 25.8523233032226
usercustomized = 1
handlingtexture = 
cateringtexture = 
parkingsystem_stopposition = 43.4411928208261 5.22048657249905 25.8523233032226
pushback_pos = 43.44133597906 5.22050599861341 175.852323303223
baggage_loader_front_pos = 43.4411683868788 5.22066479061406 -134.947676696778
baggage_loader_rear_pos = 43.4410407242652 5.220722180563 -136.847676696778
baggage_train_front_pos = 43.4413251452157 5.22046103769801 130.852323303223
baggage_train_rear_pos = 43.4408809514399 5.22064562741475 -154.147676696777
parkingsystem_objectposition = 43.4413410074745 5.220585439931 -154.147676696777 0

