[general]
creator = dcby13

[parking 3a]
nopassengerstairs = 0
nopassengerbus = 1
nopassengerbus_deboarding = 1
ignoreicaoprefixes = 0
ignorepreferredexit = 0
snapleftpushbackpos = 0
snaprightpushbackpos = 0
undergroundrefueling = 0
dontcreatejetways = 0
disablepaxbarriers = 1
disablepaxbarriers_deboarding = 1
parkingsystem = Marshaller
hasjetway = 0
pushback = 3
pushbacktype = -1
pushbackaddpos = []
pushbacklabels = Nose Right/Tail Left (LEFT)|Nose Left/Tail Right (RIGHT)
maxwingspan = 54.0
radiusleft = 27.0
radiusright = 21.6
gatedistancethreshold = 25.0
loadertype = 1 1 2
airlinecodes = 
type = 4
handlingtexture = 
cateringtexture = 
passengerpaththickness = 2.0
passengerpaththickness_deboarding = 2.0
walkertype = GsxJetwayPassenger
walkerpaththickness = 2.5
walkerloopstart = 0
usercustomized = 1
this_parking_pos = 42.7400257602844 2.86868067631182 -10.7171020507812
parkingsystem_stopposition = 42.7401980236319 2.86863633365856 -10.7171020507812
passengerentergatepos = (42.74078746418189, 2.8686144025717386, 0.0)
passengerwaypoints = [(42.74033445253768, 2.8685181443373486, 0.0), (42.740489678345625, 2.868477049806263, 0.0), (42.740703660112175, 2.868635901083216, 0.0)]
stairs_front_pos = 42.7403749094898 2.86819205058579 169.282897949219
stairs_rear_pos = 42.7403658948622 2.86814713416265 169.282897949219
passengerentergatepos_deboarding = (42.74068520916328, 2.8683870993661627, 0.0)
passengerwaypoints_deboarding = [(42.74033445253768, 2.8685181443373486, 0.0), (42.740489678345625, 2.868477049806263, 0.0), (42.74055462876842, 2.868501394263353, 0.0), (42.74060691246575, 2.868478964443782, 0.0), (42.74063844336944, 2.868399716566369, 0.0)]
baggage_loader_front_pos = 42.740290972609 2.86893379498714 -140.717102050781
baggage_loader_rear_pos = 42.7401917753978 2.86897829902534 -140.717102050781
baggage_train_rear_pos = 42.7403198352697 2.86887364033861 169.282897949219

[parking 2a]
nopassengerstairs = 0
nopassengerbus = 1
nopassengerbus_deboarding = 1
ignoreicaoprefixes = 0
ignorepreferredexit = 0
snapleftpushbackpos = 0
snaprightpushbackpos = 0
undergroundrefueling = 0
dontcreatejetways = 0
disablepaxbarriers = 0
disablepaxbarriers_deboarding = 0
parkingsystem = Marshaller
hasjetway = 0
pushback = 3
pushbacktype = -1
pushbackaddpos = []
pushbacklabels = Nose Right/Tail Left (LEFT)|Nose Left/Tail Right (RIGHT)
maxwingspan = 54.0
radiusleft = 27.0
radiusright = 21.6
gatedistancethreshold = 25.0
loadertype = 3 3 2
airlinecodes = 
type = 4
handlingtexture = 
cateringtexture = 
passengerpaththickness = 2.0
passengerpaththickness_deboarding = 2.0
walkertype = GsxJetwayPassenger
walkerpaththickness = 2.5
walkerloopstart = 0
usercustomized = 1
baggage_train_front_pos = 42.7404476110424 2.86929039373637 169.282897949219
baggage_train_rear_pos = 42.7404607686213 2.86938470877673 169.282897949219
stairs_front_pos = 42.7402783173492 2.86890828528263 79.2828979492188
stairs_rear_pos = 42.7399393024024 2.86895936403448 64.2828979492188
this_parking_pos = 42.740118886733 2.86926771968475 -10.7171020507812
parkingsystem_objectposition = 42.7404492102646 2.86918226489096 169.282897949219 0
parkingsystem_stopposition = 42.7402933194501 2.86922250922246 -10.7171020507812
passengerentergatepos = (42.74080244246936, 2.8687069376506695, 0.0)
passengerwaypoints = [(42.74032588576529, 2.868995197876591, 0.0), (42.74055316737939, 2.868933737605489, 0.0), (42.740534569895374, 2.8687881274802263, 0.0)]
passengerentergatepos_deboarding = (42.74068392715903, 2.868389346448504, 0.0)
passengerwaypoints_deboarding = [(42.74032588576529, 2.868995197876591, 0.0), (42.74055316737939, 2.868933737605489, 0.0), (42.740534569895374, 2.8687881274802263, 0.0), (42.74051043375773, 2.868635234052291, 0.0), (42.740634506974956, 2.868402026297316, 0.0)]

