[general]
creator = dcby13

[gate x 1]
nopassengerstairs = 0
nopassengerbus = 1
nopassengerbus_deboarding = 1
ignoreicaoprefixes = 0
ignorepreferredexit = 0
snapleftpushbackpos = 0
snaprightpushbackpos = 0
undergroundrefueling = 1
dontcreatejetways = 0
disablepaxbarriers = 0
disablepaxbarriers_deboarding = 0
parkingsystem = Marshaller
hasjetway = 1
pushback = 0
pushbacktype = 1
pushbackaddpos = [{'wws': 0, 'snap': False, 'approach': [(49.01590652406207, 2.5405432827513548, -27.060812572803002), (49.01564405405393, 2.5412805280992514, -105.90026489257913), None, None, None, None, None, None, None], 'pos': (49.0156197042, 2.54115175801, -106.020264893), 'label': u'Nose Left - Facing W on Taxi A3'}, {'wws': 0, 'snap': False, 'approach': [(49.015906524596225, 2.5405432820507077, -27.06079095121666), (49.01532488838417, 2.5404878192989737, 44.45973510742153), None, None, None, None, None, None, None], 'pos': (49.015378737, 2.54056782318, 44.4597351074), 'label': u'Nose Right - Facing NE on Taxi A3'}]
pushbacklabels = Nose Right/Tail Left (LEFT)|Nose Left/Tail Right (RIGHT)
wingwalkersleftpushback = 0
wingwalkersrightpushback = 0
wingwalkersquickpushback = 0
maxwingspan = 36.0
radiusleft = 18.0
radiusright = 14.4
gatedistancethreshold = 25.0
loadertype = 3 3 2
airlinecodes = 
type = 9
handlingtexture = 
cateringtexture = 
passengerpaththickness = 2.5
passengerpaththickness_deboarding = 2.5
walkertype = GsxJetwayPassenger
walkerpaththickness = 2.5
walkerloopstart = 0
usercustomized = 1
this_parking_pos = 49.0160641819239 2.54042029380798 -27.0602648925784
pushback_pos = 49.01626186769 2.54020986576585 107.939735107422
baggage_train_front_pos = 49.0162530566091 2.54036615305504 152.939735107422
parkingsystem_objectposition = 49.0163340489004 2.54021011176783 152.939735107422 0

