[general]
creator = dcby13

[jetway_rootfloor_heights]
jsd_lfpo_jetway_1 = 5.55

[gate p 13]
nopassengerstairs = 0
nopassengerbus = 1
nopassengerbus_deboarding = 1
ignoreicaoprefixes = 0
ignorepreferredexit = 0
snapleftpushbackpos = 0
snaprightpushbackpos = 0
undergroundrefueling = 1
dontcreatejetways = 0
disablepaxbarriers = 0
disablepaxbarriers_deboarding = 0
parkingsystem = SafeDockTS24
hasjetway = 1
pushback = 0
pushbacktype = 1
pushbackaddpos = [{'wws': 0, 'startEngines': 33.0, 'pos': (48.7313590445, 2.35838232879, 57.4026531982), 'label': u'Nose Left - Facing NE on Taxi LP', 'snap': False, 'approach': [(48.73112688264487, 2.3592101487729225, 165.75459841375238), (48.731343101727624, 2.358345044281926, 57.402653198242014), None, None, None, None, None, None, None]}, {'wws': 0, 'startEngines': 33.0, 'pos': (48.7318043082, 2.35943312929, -123.317346802), 'label': u'Nose Right - Facing SW on Taxi LP', 'snap': False, 'approach': [(48.731215785103366, 2.3591760292822013, 165.75447600466512), (48.73182056280359, 2.3594701116621137, -123.31734680175845), None, None, None, None, None, None, None]}]
pushbacklabels = Nose Right/Tail Left (LEFT)|Nose Left/Tail Right (RIGHT)
wingwalkersleftpushback = 0
wingwalkersrightpushback = 0
wingwalkersquickpushback = 0
startenginesleftpushback = 0.0
startenginesrightpushback = 0.0
startenginesquickpushback = 0.0
maxwingspan = 36.0
radiusleft = 18.0
radiusright = 14.4
gatedistancethreshold = 25.0
loadertype = 3 3 2
airlinecodes = 
type = 8
handlingtexture = 
cateringtexture = 
passengerpaththickness = 2.5
passengerpaththickness_deboarding = 2.5
walkertype = GsxJetwayPassenger
walkerpaththickness = 2.5
walkerloopstart = 0
usercustomized = 1
this_parking_pos = 48.731046675858 2.35924123931621 165.762653198242
pushback_pos = 48.7308706989941 2.3593088011097 -14.2373468017578
baggage_loader_front_pos = 48.730856561261 2.35915152966889 45.7626531982422
baggage_loader_rear_pos = 48.7308972733422 2.35906308516329 -29.2373468017578
baggage_train_front_pos = 48.7308099433707 2.35918633852122 -14.2373468017578
baggage_train_rear_pos = 48.7308032093411 2.35914488568646 -14.2373468017578
parkingsystem_objectposition = 48.730738341956 2.35935981964615 -14.2373468017578 0
parkingsystem_stopposition = 48.7309316228601 2.35928549530997 165.762653198242

