[general]
creator = dcby13

[gate c 4]
nopassengerstairs = 0
nopassengerbus = 1
nopassengerbus_deboarding = 1
ignoreicaoprefixes = 0
ignorepreferredexit = 0
snapleftpushbackpos = 0
snaprightpushbackpos = 0
undergroundrefueling = 0
dontcreatejetways = 0
disablepaxbarriers = 0
disablepaxbarriers_deboarding = 0
parkingsystem = Marshaller
hasjetway = 0
pushback = 3
pushbacktype = -1
pushbackaddpos = []
pushbacklabels = Nose Right/Tail Left (LEFT)|Nose Left/Tail Right (RIGHT)
wingwalkersleftpushback = 0
wingwalkersrightpushback = 0
wingwalkersquickpushback = 0
startenginesleftpushback = 0.0
startenginesrightpushback = 0.0
startenginesquickpushback = 0.0
maxwingspan = 36.6
radiusleft = 18.3
radiusright = 14.6
gatedistancethreshold = 25.0
loadertype = 3 3 2
airlinecodes = 
type = 3
handlingtexture = 
cateringtexture = 
passengerpaththickness = 2.5
passengerpaththickness_deboarding = 2.5
walkertype = GsxJetwayPassenger
walkerpaththickness = 2.5
walkerloopstart = 0
usercustomized = 1
this_parking_pos = 48.0688281626833 -1.7248684780959 -135.283908959961
passengerentergatepos = (48.068523512471124, -1.7258311639347867, 0.0)
pushback_pos = 48.0686960999669 -1.72506272087321 44.716091040039
parkingsystem_objectposition = 48.0685929618934 -1.72521704861568 44.716091040039 0
parkingsystem_stopposition = 48.0687452684468 -1.7249913049937 -135.283908959961
baggage_loader_front_pos = 48.0689523987464 -1.72529596377219 149.716091040039
baggage_loader_rear_pos = 48.069058138533 -1.72522423243036 94.716091040039
baggage_train_front_pos = 48.0687281892851 -1.72515665355426 44.716091040039
baggage_train_rear_pos = 48.0687737040314 -1.72516230355536 44.716091040039
stairs_front_pos = 48.0685938776555 -1.72498896538861 14.716091040039
stairs_rear_pos = 48.0686785667325 -1.72446020786285 -30.283908959961
passengerwaypoints = [(48.06853849744707, -1.7249609801266077, 0.0), (48.068508199829004, -1.725011962386332, 0.0), (48.068513514140285, -1.7250632079297816, 0.0), (48.06847587531008, -1.7251463659535848, 0.0), (48.06856169342406, -1.725826230914785, 0.0)]

