[general]
creator = dcby13

[gate 29]
nopassengerstairs = 0
nopassengerbus = 1
nopassengerbus_deboarding = 1
ignoreicaoprefixes = 0
ignorepreferredexit = 0
snapleftpushbackpos = 0
snaprightpushbackpos = 0
undergroundrefueling = 0
dontcreatejetways = 0
disablepaxbarriers = 1
disablepaxbarriers_deboarding = 0
parkingsystem = Marshaller
hasjetway = 0
pushback = 0
pushbacktype = 2
pushbackaddpos = [{'label': 'Facing SW on Taxi N2 (NR)', 'pos': (47.60068728914023, 7.527279846291355, -115.11400085449205), 'snap': False, 'approach': [(47.60060398613196, 7.528622124560013, -80.68502424321544), None, None, None, None, None, None, None, None, None, None, None, None, None, None, None, None, None, None, None, None], 'wws': 0, 'startEngines': 51.0}]
pushbacklabels = Nose Right/Tail Left (LEFT)|Nose Left/Tail Right (RIGHT)
wingwalkersleftpushback = 0
wingwalkersrightpushback = 0
wingwalkersquickpushback = 0
startenginesleftpushback = 0.0
startenginesrightpushback = 0.0
startenginesquickpushback = 0.0
maxwingspan = 36.0
radiusleft = 18.0
radiusright = 14.4
gatedistancethreshold = 25.0
loadertype = 3 3 2
airlinecodes = 
type = 3
handlingtexture = 
cateringtexture = 
passengerpaththickness = 1.8
passengerpaththickness_deboarding = 2.5
walkertype = GsxJetwayPassenger
walkerpaththickness = 2.5
walkerloopstart = 0
usercustomized = 1
this_parking_pos = 47.6000142531498 7.52761404556523 -140.194000854492
passengerentergatepos = (47.59964591487044, 7.527709886973589, 0.0)
pushback_pos = 47.5998594801983 7.52742335160486 39.805999145508
baggage_loader_front_pos = 47.6000509124068 7.52716886529189 155.005999145508
baggage_loader_rear_pos = 47.6000734723543 7.52727353773401 155.005999145508
baggage_loader_main_pos = 47.5998017840047 7.52771058119511 -5.19400085449203
baggage_train_front_pos = 47.5999205838867 7.52737642832896 19.405999145508
baggage_train_rear_pos = 47.5999788546941 7.5273228988771 39.805999145508
stairs_front_pos = 47.5997709107403 7.52768796597522 -35.194000854492
stairs_rear_pos = 47.5997543668628 7.5277706144045 24.8059991455079
parkingsystem_objectposition = 47.5997748945789 7.52731806614192 39.805999145508 0
parkingsystem_stopposition = 47.5999092473697 7.52748433166027 -140.194000854492
passengerwaypoints = [(47.59967600063695, 7.527742157278899, 0.0)]

