[general]
creator = dcby13

[gate a 6a]
nopassengerstairs = 0
nopassengerbus = 1
nopassengerbus_deboarding = 1
ignoreicaoprefixes = 0
ignorepreferredexit = 0
snapleftpushbackpos = 0
snaprightpushbackpos = 0
undergroundrefueling = 0
dontcreatejetways = 0
disablepaxbarriers = 0
disablepaxbarriers_deboarding = 0
parkingsystem = Marshaller
hasjetway = 0
pushback = 3
pushbacktype = -1
pushbackaddpos = []
pushbacklabels = Nose Right/Tail Left (LEFT)|Nose Left/Tail Right (RIGHT)
wingwalkersleftpushback = 0
wingwalkersrightpushback = 0
wingwalkersquickpushback = 0
startenginesleftpushback = 0.0
startenginesrightpushback = 0.0
startenginesquickpushback = 0.0
maxwingspan = 66.0
radiusleft = 33.0
radiusright = 26.4
gatedistancethreshold = 25.0
loadertype = 3 3 2
airlinecodes = 
type = 4
handlingtexture = 
cateringtexture = 
passengerpaththickness = 2.0
passengerpaththickness_deboarding = 2.5
walkertype = GsxJetwayPassenger
walkerpaththickness = 2.5
walkerloopstart = 0
usercustomized = 1
this_parking_pos = 48.5447498253424 7.62980428262275 -13.9739685058594
baggage_loader_front_pos = 48.5450630975634 7.63005153054163 -143.973968505859
baggage_loader_rear_pos = 48.5450227540865 7.630103495621 -143.973968505859
baggage_train_front_pos = 48.5450357768091 7.62984449659902 166.026031494141
baggage_train_rear_pos = 48.5450484588042 7.62992124876806 166.026031494141
stairs_front_pos = 48.5449192658056 7.62938877283499 121.026031494141
stairs_middle_pos = 48.5448804490206 7.62931717128732 106.026031494141
parkingsystem_objectposition = 48.5451087151852 7.62966936433199 166.026031494141 0
parkingsystem_stopposition = 48.5449058320368 7.62974565404984 -13.9739685058594
stairs_rear_pos = 48.5448349414632 7.62924330590207 136.026031494141
passengerentergatepos = (48.54469802420446, 7.628617831396656, 0.0)
passengerwaypoints = [(48.544909232230864, 7.629412024553266, 0.0), (48.54494234836619, 7.6293322712030225, 0.0), (48.54461758568079, 7.628774993795156, 0.0)]

