[general]
creator = dcby13

[jetway_rootfloor_heights]
ft_lgav_jetway_a = 4.47

[gate a 3]
nopassengerstairs = 0
nopassengerbus = 1
nopassengerbus_deboarding = 1
ignoreicaoprefixes = 0
ignorepreferredexit = 0
snapleftpushbackpos = 0
snaprightpushbackpos = 0
undergroundrefueling = 1
dontcreatejetways = 0
disablepaxbarriers = 0
disablepaxbarriers_deboarding = 0
parkingsystem = SafeDockTS24Screen
hasjetway = 1
pushback = 0
pushbacktype = 2
pushbackaddpos = [{'wws': 0, 'startEngines': 50.0, 'pos': (37.9350317976, 23.9486721084, -142.862224121), 'label': u'Nose Left - Facing SW on Taxi E', 'snap': False, 'approach': [(37.93491926633046, 23.94780574920419, -52.86248495351134), (37.93505559549387, 23.9486945190696, -142.86222412109385), None, None, None, None, None, None, None]}, {'wws': 0, 'startEngines': 50.0, 'pos': (37.9342275132, 23.9479030454, -322.862224121), 'label': u'Nose Right - Facing NE on Taxi E', 'snap': False, 'approach': [(37.93491850091858, 23.947805017311346, -412.86196328867635), (37.934203978408085, 23.947880196133998, -322.86222412109385), None, None, None, None, None, None, None]}]
pushbacklabels = Nose Right/Tail Left (LEFT)|Nose Left/Tail Right (RIGHT)
wingwalkersleftpushback = 0
wingwalkersrightpushback = 0
wingwalkersquickpushback = 0
startenginesleftpushback = 0.0
startenginesrightpushback = 0.0
startenginesquickpushback = 0.0
maxwingspan = 65.0
radiusleft = 30.0
radiusright = 24.0
gatedistancethreshold = 25.0
loadertype = 3 3 2
airlinecodes = 
type = 10
handlingtexture = 
cateringtexture = 
passengerpaththickness = 2.5
passengerpaththickness_deboarding = 2.5
walkertype = GsxJetwayPassenger
walkerpaththickness = 2.5
walkerloopstart = 0
usercustomized = 1
this_parking_pos = 37.9350189122163 23.9476386182296 -52.8622241210939
pushback_pos = 37.9352694379594 23.9472207923759 127.137775878906
baggage_loader_front_pos = 37.9353085892475 23.9475426020392 177.137775878906
baggage_loader_rear_pos = 37.935375992753 23.9477211509405 177.137775878906
baggage_train_front_pos = 37.9352765542661 23.9473793170017 127.137775878906
baggage_train_rear_pos = 37.9353049003567 23.9474111028802 127.137775878906
parkingsystem_objectposition = 37.9353505649798 23.9470841246367 125.737775878906 0.919999999999999
parkingsystem_stopposition = 37.9352080047613 23.9473221610983 -52.8622241210939
passengerentergatepos = (37.93514117270015, 23.947136079867025, 4.472000000000005)

