[general]
creator = dcby13

[parking 2]
nopassengerstairs = 0
nopassengerbus = 1
nopassengerbus_deboarding = 1
ignoreicaoprefixes = 0
ignorepreferredexit = 0
snapleftpushbackpos = 0
snaprightpushbackpos = 0
undergroundrefueling = 0
dontcreatejetways = 0
disablepaxbarriers = 1
disablepaxbarriers_deboarding = 0
parkingsystem = Marshaller
hasjetway = 0
pushback = 0
pushbacktype = -1
pushbackaddpos = []
pushbacklabels = Nose Right/Tail Left (LEFT)|Nose Left/Tail Right (RIGHT)
wingwalkersleftpushback = 0
wingwalkersrightpushback = 0
wingwalkersquickpushback = 0
startenginesleftpushback = 0.0
startenginesrightpushback = 0.0
startenginesquickpushback = 0.0
maxwingspan = 44.0
radiusleft = 22.0
radiusright = 15.2
gatedistancethreshold = 25.0
loadertype = 3 3 2
airlinecodes = 
type = 4
handlingtexture = 
cateringtexture = 
passengerpaththickness = 2.0
passengerpaththickness_deboarding = 2.5
walkertype = GsxJetwayPassenger
walkerpaththickness = 2.5
walkerloopstart = 0
usercustomized = 1
this_parking_pos = 38.0736065255325 15.6529600504101 123.7
baggage_loader_front_pos = 38.0733923345668 15.6533283153497 -116.3
baggage_loader_rear_pos = 38.0733390626289 15.653362429718 -116.3
baggage_train_front_pos = 38.0734419168004 15.6537221289907 -173.900000000001
baggage_train_rear_pos = 38.0733156793739 15.6536123618235 -140.106000000001
stairs_front_pos = 38.0736256939838 15.6533831692665 -26.7060000000001
stairs_rear_pos = 38.0740736051392 15.6531378715907 -116.3
parkingsystem_objectposition = 38.0734522783063 15.6532523919756 -56.3 0
parkingsystem_stopposition = 38.0735351623191 15.6530960833316 123.7
passengerentergatepos = (38.07412405135212, 15.653111659019032, 0.0)
passengerwaypoints = [(38.07404945399924, 15.652951499391177, 0.0)]

