[general]
creator = dcby13

[parking 21]
nopassengerstairs = 0
nopassengerbus = 1
nopassengerbus_deboarding = 1
ignoreicaoprefixes = 0
ignorepreferredexit = 0
snapleftpushbackpos = 0
snaprightpushbackpos = 0
undergroundrefueling = 0
dontcreatejetways = 0
disablepaxbarriers = 1
disablepaxbarriers_deboarding = 0
parkingsystem = Marshaller
hasjetway = 0
pushback = 0
pushbacktype = 2
pushbackaddpos = [{'label': 'Facing SW on Taxi U (NL)', 'pos': (39.252036314306814, 9.060238301158627, -128.1607110351563), 'snap': False, 'approach': [(39.25217974834908, 9.059657667418845, -38.026312536522845), (39.252085920953036, 9.060318943024575, -128.1607110351563), None, None, None, None, None, None, None, None, None, None, None, None, None, None, None, None, None, None, None], 'wws': 0, 'startEngines': 43.0}]
pushbacklabels = Nose Right/Tail Left (LEFT)|Nose Left/Tail Right (RIGHT)
wingwalkersleftpushback = 0
wingwalkersrightpushback = 0
wingwalkersquickpushback = 0
startenginesleftpushback = 0.0
startenginesrightpushback = 0.0
startenginesquickpushback = 0.0
maxwingspan = 38.0
radiusleft = 20.0
radiusright = 20.0
gatedistancethreshold = 25.0
loadertype = 3 3 2
airlinecodes = 
type = 4
handlingtexture = 
cateringtexture = 
passengerpaththickness = 2.0
passengerpaththickness_deboarding = 2.5
walkertype = GsxJetwayPassenger
walkerpaththickness = 2.5
walkerloopstart = 0
usercustomized = 1
this_parking_pos = 39.2523383480422 9.05949742461787 -38.0263110351563
passengerentergatepos = (39.25281430957466, 9.059005562476077, 0.0)
pushback_pos = 39.2525391464616 9.05929545655579 141.973688964844
baggage_loader_front_pos = 39.2525757433977 9.05950913277774 171.973688964844
baggage_loader_rear_pos = 39.2525884752873 9.05958909669078 171.973688964844
baggage_train_front_pos = 39.2525518352887 9.05935769916958 141.973688964844
baggage_train_rear_pos = 39.2525753855707 9.05940019277484 141.973688964844
stairs_front_pos = 39.2524734782131 9.0592064190111 141.973688964844
stairs_rear_pos = 39.2524509485564 9.05916356436213 141.973688964844
parkingsystem_objectposition = 39.2525283629648 9.05926827308807 135.973688964843 0
parkingsystem_stopposition = 39.2524364479842 9.05939814142032 -38.0263110351563
passengerwaypoints = [(39.25238318682745, 9.059184020266681, 0.0), (39.2526056425436, 9.058959631308854, 0.0), (39.25267861104423, 9.058967323715862, 0.0), (39.25276478435806, 9.058963402411933, 0.0)]

