[general]
creator = dcby13

[parking 303]
nopassengerstairs = 0
nopassengerbus = 0
nopassengerbus_deboarding = 0
ignoreicaoprefixes = 0
ignorepreferredexit = 0
snapleftpushbackpos = 0
snaprightpushbackpos = 0
undergroundrefueling = 0
dontcreatejetways = 0
disablepaxbarriers = 0
disablepaxbarriers_deboarding = 0
parkingsystem = Marshaller
hasjetway = 0
pushback = 0
pushbacktype = -1
pushbackaddpos = []
pushbacklabels = Nose Right/Tail Left (LEFT)|Nose Left/Tail Right (RIGHT)
maxwingspan = 34.0
radiusleft = 14.0
radiusright = 11.2
gatedistancethreshold = 25.0
loadertype = 3 3 2
airlinecodes = 
type = 3
handlingtexture = 
cateringtexture = 
passengerpaththickness = 2.5
passengerpaththickness_deboarding = 2.5
walkertype = GsxJetwayPassenger
walkerpaththickness = 2.5
walkerloopstart = 0
usercustomized = 1
parkingsystem_objectposition = 45.6657705237559 9.70329310088362 14.9586486816406 0
baggage_loader_front_pos = 45.6659217628309 9.70315319596844 14.9586486816406
baggage_loader_rear_pos = 45.6659278501552 9.70311274612203 14.9586486816406
baggage_train_front_pos = 45.6659059864885 9.7032244883132 14.9586486816406
baggage_train_rear_pos = 45.665911666398 9.70318919603872 14.9586486816406
stairs_front_pos = 45.6658538932281 9.70350854025907 14.9586486816406
stairs_rear_pos = 45.665847961169 9.70357003548334 14.9586486816406

