[general]
creator = dcby13

[gate 111]
nopassengerstairs = 1
nopassengerbus = 1
nopassengerbus_deboarding = 1
ignoreicaoprefixes = 0
ignorepreferredexit = 0
snapleftpushbackpos = 0
snaprightpushbackpos = 0
undergroundrefueling = 0
dontcreatejetways = 0
disablepaxbarriers = 0
disablepaxbarriers_deboarding = 0
parkingsystem = SafeDockTS24Screen
hasjetway = 1
pushback = 0
pushbacktype = 2
pushbackaddpos = [{'snap': False, 'approach': [(45.19171863823109, 7.645643520552471, -104.41241905323022), (45.19209639526621, 7.646649501056875, -177.4926220703128), None, None, None, None, None, None, None], 'pos': (45.1921125913, 7.64665052643, -177.49262207), 'label': u'Nose Left - Facing S on Apron'}, {'snap': False, 'approach': [(45.191718634481035, 7.645643525357246, -104.41246344174147), (45.19132080432498, 7.646599900598733, 2.507377929687382), None, None, None, None, None, None, None], 'pos': (45.1913046083, 7.64659887523, 2.50737792969), 'label': u'Nose Right - Facing N on Apron'}]
pushbacklabels = Nose Right/Tail Left (LEFT)|Nose Left/Tail Right (RIGHT)
maxwingspan = 60.0
radiusleft = 30.0
radiusright = 24.0
gatedistancethreshold = 25.0
loadertype = 3 3 2
airlinecodes = 
type = 10
handlingtexture = 
cateringtexture = 
passengerpaththickness = 2.5
passengerpaththickness_deboarding = 2.5
walkertype = GsxJetwayPassenger
walkerpaththickness = 2.5
walkerloopstart = 0
usercustomized = 1
this_parking_pos = 45.1916715005885 7.64538306756187 -104.412622070313
pushback_pos = 45.1916322489495 7.64492276496788 90.5873779296873
baggage_loader_front_pos = 45.1918663674063 7.64495964475254 92.6873779296872
baggage_loader_rear_pos = 45.1917814950406 7.64504568183022 75.5873779296873
baggage_train_front_pos = 45.1917635287961 7.64497552611023 75.5873779296873
baggage_train_rear_pos = 45.1917830322886 7.64497041896381 75.5873779296873
parkingsystem_objectposition = 45.1915912955271 7.6449258440374 74.7373779296874 -0.288
parkingsystem_stopposition = 45.1916246295869 7.64512430249608 -104.412622070313

