[general]
creator = dcby13

[jetway_rootfloor_heights]
jsd_liml_jetway = 3.40

[parking 15]
nopassengerstairs = 0
nopassengerbus = 0
nopassengerbus_deboarding = 0
ignoreicaoprefixes = 0
ignorepreferredexit = 0
snapleftpushbackpos = 0
snaprightpushbackpos = 0
undergroundrefueling = 0
dontcreatejetways = 0
disablepaxbarriers = 0
disablepaxbarriers_deboarding = 0
parkingsystem = Marshaller
hasjetway = 0
pushback = 0
pushbacktype = -1
pushbackaddpos = []
pushbacklabels = Nose Right/Tail Left (LEFT)|Nose Left/Tail Right (RIGHT)
wingwalkersleftpushback = 0
wingwalkersrightpushback = 0
wingwalkersquickpushback = 0
startenginesleftpushback = 0.0
startenginesrightpushback = 0.0
startenginesquickpushback = 0.0
maxwingspan = 44.0
radiusleft = 22.0
radiusright = 17.6
gatedistancethreshold = 25.0
loadertype = 3 3 2
airlinecodes = EZY,ITY
type = 4
passengerpaththickness = 2.5
passengerpaththickness_deboarding = 2.5
walkertype = GsxJetwayPassenger
walkerpaththickness = 2.5
walkerloopstart = 0
this_parking_pos = 45.4577399591164 9.2788092868273 90.0223818969727
usercustomized = 1
pushback_pos = 45.4577529400071 9.27913403687271 -119.977618103027
baggage_loader_front_pos = 45.4575817723484 9.27910980036265 -39.9776181030273
baggage_loader_rear_pos = 45.4575711080214 9.27901324190877 -89.9776181030273
baggage_train_front_pos = 45.4576306180107 9.27921016441979 0.0223818969727283
baggage_train_rear_pos = 45.457609394217 9.27917179750731 0.0223818969727283
stairs_front_pos = 45.4579600705798 9.27918659439807 -134.977618103027
stairs_rear_pos = 45.45796315165 9.27862019270386 90.0223818969727
parkingsystem_objectposition = 45.4577398008045 9.27938434597044 -89.9776181030273 0
parkingsystem_stopposition = 45.4577398949455 9.2790427903466 90.0223818969727
handlingtexture = 
cateringtexture = 

[none 4]
nopassengerstairs = 0
nopassengerbus = 1
nopassengerbus_deboarding = 1
ignoreicaoprefixes = 0
ignorepreferredexit = 0
snapleftpushbackpos = 0
snaprightpushbackpos = 0
undergroundrefueling = 0
dontcreatejetways = 0
disablepaxbarriers = 0
disablepaxbarriers_deboarding = 0
parkingsystem = Marshaller
hasjetway = 1
pushback = 0
pushbacktype = 1
pushbackaddpos = [{'label': 'Facing E on Taxi C (NR)', 'pos': (45.45906975067088, 9.27912876081571, 90.62348632812504), 'snap': False, 'approach': [(45.459605304857405, 9.280302208048663, 0.023323660248916092), (45.4590675767693, 9.279413115642175, 90.62348632812504), None, None, None, None, None, None, None, None, None, None, None, None, None, None, None, None, None, None, None], 'wws': 0, 'startEngines': 46.0}]
pushbacklabels = Nose Right/Tail Left (LEFT)|Nose Left/Tail Right (RIGHT)
wingwalkersleftpushback = 0
wingwalkersrightpushback = 0
wingwalkersquickpushback = 0
startenginesleftpushback = 0.0
startenginesrightpushback = 0.0
startenginesquickpushback = 0.0
maxwingspan = 44.0
radiusleft = 22.0
radiusright = 17.6
gatedistancethreshold = 25.0
loadertype = 3 3 2
airlinecodes = 
type = 9
handlingtexture = 
cateringtexture = 
passengerpaththickness = 2.5
passengerpaththickness_deboarding = 2.5
walkertype = GsxJetwayPassenger
walkerpaththickness = 2.5
walkerloopstart = 0
usercustomized = 1
this_parking_pos = 45.4596779923445 9.28030225042636 0.0234863281249825
pushback_pos = 45.459909209905 9.28030211037012 -179.976513671875
baggage_loader_front_pos = 45.4598932393269 9.28059270446385 -129.976513671875
baggage_loader_rear_pos = 45.4598524070581 9.28063948665157 -129.976513671875
baggage_train_front_pos = 45.459934059388 9.28047146731786 -179.976513671875
baggage_train_rear_pos = 45.4599134159025 9.28052464247404 -179.976513671875
parkingsystem_objectposition = 45.4600568577991 9.28030247179793 -179.976513671875 0
parkingsystem_stopposition = 45.4598324595516 9.28030234064316 0.0234863281249825

