[general]
creator = dcby13

[parking 107]
nopassengerstairs = 0
nopassengerbus = 1
nopassengerbus_deboarding = 1
ignoreicaoprefixes = 0
ignorepreferredexit = 0
snapleftpushbackpos = 0
snaprightpushbackpos = 0
undergroundrefueling = 0
dontcreatejetways = 0
disablepaxbarriers = 1
disablepaxbarriers_deboarding = 0
parkingsystem = Marshaller
hasjetway = 0
pushback = 0
pushbacktype = 1
pushbackaddpos = [{'label': 'Facing SE on Taxi R1 (NL)', 'pos': (44.53082679614878, 11.294604605906928, 116.74813354492198), 'snap': False, 'approach': [(44.53070287578784, 11.29388037191315, -153.2518689324232), (44.53113055996644, 11.293762607286446, 131.74813354492198), None, None, None, None, None, None, None, None, None, None, None, None, None, None, None, None, None, None, None], 'wws': 0, 'startEngines': 29.0}, {'label': 'Facing NW on Taxi Q2 (NR)', 'pos': (44.5310290570033, 11.294042854693007, -63.25186645507804), 'snap': False, 'approach': [(44.5307028757354, 11.293880372093506, -153.2518638058704), (44.53084760912736, 11.294545574360704, -78.25186645507802), None, None, None, None, None, None, None, None, None, None, None, None, None, None, None, None, None, None, None], 'wws': 0, 'startEngines': 29.0}]
pushbacklabels = Nose Right/Tail Left (LEFT)|Nose Left/Tail Right (RIGHT)
wingwalkersleftpushback = 0
wingwalkersrightpushback = 0
wingwalkersquickpushback = 0
startenginesleftpushback = 0.0
startenginesrightpushback = 0.0
startenginesquickpushback = 0.0
maxwingspan = 44.0
radiusleft = 22.0
radiusright = 22.0
gatedistancethreshold = 20.0
loadertype = 3 3 2
airlinecodes = 
type = 4
handlingtexture = 
cateringtexture = 
passengerpaththickness = 2.0
passengerpaththickness_deboarding = 2.5
walkertype = GsxJetwayPassenger
walkerpaththickness = 2.5
walkerloopstart = 0
usercustomized = 1
this_parking_pos = 44.530616080717 11.2938186738278 -153.251866455078
pushback_pos = 44.5304457151653 11.2936986369959 26.748133544922
baggage_loader_front_pos = 44.5305093919043 11.2935435800114 71.748133544922
baggage_loader_rear_pos = 44.5305909824342 11.2935304997464 26.748133544922
baggage_train_front_pos = 44.5301565013381 11.2930655247143 -18.251866455078
baggage_train_rear_pos = 44.5301258238667 11.292914004303 -18.251866455078
stairs_front_pos = 44.5303945604364 11.293914281831 -33.251866455078
stairs_rear_pos = 44.5303773630752 11.2940224016785 11.748133544922
parkingsystem_objectposition = 44.5303586652905 11.2936893432966 15.8481335449221 0
parkingsystem_stopposition = 44.5304921604042 11.2937310085675 -153.251866455078
passengerentergatepos = (44.530321284933606, 11.293858374250208, 0.060000000000000005)
passengerwaypoints = [(44.53036715914785, 11.293808687066248, 0.0), (44.530340336456185, 11.293822759862916, 0.0), (44.53033040245906, 11.29384309705487, 0.060000000000000005)]

