[general]
creator = dcby13

[none 114]
nopassengerstairs = 0
nopassengerbus = 0
nopassengerbus_deboarding = 0
ignoreicaoprefixes = 0
ignorepreferredexit = 0
snapleftpushbackpos = 0
snaprightpushbackpos = 0
undergroundrefueling = 1
dontcreatejetways = 0
disablepaxbarriers = 0
disablepaxbarriers_deboarding = 0
parkingsystem = Marshaller
hasjetway = 0
pushback = 0
pushbacktype = 1
pushbackaddpos = [{'label': 'Facing SE on Taxi U (NL)', 'pos': (45.50806040062137, 12.344711825164465, 132.37314270019496), 'snap': False, 'approach': [(45.50743034946858, 12.344690852516619, -137.86698282605283), None, None, None, None, None, None, None, None, None, None, None, None, None, None, None, None, None, None, None, None], 'wws': 0, 'startEngines': 32.0}]
pushbacklabels = Nose Right/Tail Left (LEFT)|Nose Left/Tail Right (RIGHT)
wingwalkersleftpushback = 0
wingwalkersrightpushback = 0
wingwalkersquickpushback = 0
startenginesleftpushback = 0.0
startenginesrightpushback = 0.0
startenginesquickpushback = 0.0
maxwingspan = 54.0
radiusleft = 27.0
radiusright = 21.6
gatedistancethreshold = 25.0
loadertype = 3 3 2
airlinecodes = 
type = 4
handlingtexture = 
cateringtexture = 
passengerpaththickness = 2.5
passengerpaththickness_deboarding = 2.5
walkertype = GsxJetwayPassenger
walkerpaththickness = 2.5
walkerloopstart = 0
usercustomized = 1
this_parking_pos = 45.5073385812888 12.3445720131734 -137.866857299805
pushback_pos = 45.5071658607756 12.3443841042155 27.133142700195
baggage_loader_front_pos = 45.5072758772576 12.3441777869833 92.133142700195
baggage_loader_rear_pos = 45.5073569050064 12.344177241287 92.133142700195
baggage_train_front_pos = 45.5073541132623 12.3439131766722 132.133142700195
baggage_train_rear_pos = 45.5073781630501 12.3439368018836 132.133142700195
stairs_front_pos = 45.5070723657841 12.3445502097799 -2.86685729980499
stairs_rear_pos = 45.5070460930764 12.3446227847763 -2.86685729980504
parkingsystem_objectposition = 45.507108606722 12.3442749083567 42.133142700195 0
parkingsystem_stopposition = 45.5072271981588 12.3444282820362 -137.866857299805

