[general]
creator = dcby13

[jetway_rootfloor_heights]
mk_lirf_jetway = 4.10

[gate 304]
nopassengerstairs = 1
nopassengerbus = 1
nopassengerbus_deboarding = 1
ignoreicaoprefixes = 0
ignorepreferredexit = 0
snapleftpushbackpos = 0
snaprightpushbackpos = 0
undergroundrefueling = 1
dontcreatejetways = 0
disablepaxbarriers = 0
disablepaxbarriers_deboarding = 0
parkingsystem = SafeDockT42Screen
hasjetway = 1
pushback = 0
pushbacktype = 1
pushbackaddpos = [{'label': 'Facing NE on Apron (NL)', 'pos': (41.79664132556064, 12.257356322420463, 25.214302673340022), 'snap': False, 'approach': [(41.79676304958418, 12.25796528242903, 115.21430391995511), (41.79655981433769, 12.257305319750026, 25.214302673340022), None, None, None, None, None, None, None, None, None, None, None, None, None, None, None, None, None, None, None], 'wws': 0, 'startEngines': 35.0}]
pushbacklabels = Nose Right/Tail Left (LEFT)|Nose Left/Tail Right (RIGHT)
wingwalkersleftpushback = 0
wingwalkersrightpushback = 0
wingwalkersquickpushback = 0
startenginesleftpushback = 0.0
startenginesrightpushback = 0.0
startenginesquickpushback = 0.0
maxwingspan = 42.0
radiusleft = 21.0
radiusright = 16.8
gatedistancethreshold = 25.0
loadertype = 3 3 2
airlinecodes = 
type = 9
handlingtexture = 
cateringtexture = 
passengerpaththickness = 2.5
passengerpaththickness_deboarding = 2.5
walkertype = GsxJetwayPassenger
walkerpaththickness = 2.5
walkerloopstart = 0
usercustomized = 1
this_parking_pos = 41.7967205267461 12.2580871389001 115.21430267334
pushback_pos = 41.7966319506943 12.2583399344522 -64.78569732666
parkingsystem_stopposition = 41.7966433871125 12.2583067763713 115.21430267334
baggage_loader_front_pos = 41.7965358799304 12.258316197774 -64.78569732666
baggage_loader_rear_pos = 41.7965417626685 12.2582137638165 -64.78569732666
baggage_train_front_pos = 41.7968590510018 12.2587751427646 -154.78569732666
baggage_train_rear_pos = 41.7967362161265 12.2586978498763 -154.78569732666
stairs_rear_pos = 41.7968309467813 12.25829625845 -64.7856973266601
parkingsystem_objectposition = 41.7965418209058 12.2585953905361 -64.9906973266601 0.701999999999999

