[general]
creator = dcby13

[parking 9]
nopassengerstairs = 0
nopassengerbus = 0
nopassengerbus_deboarding = 0
ignoreicaoprefixes = 0
ignorepreferredexit = 0
snapleftpushbackpos = 0
snaprightpushbackpos = 0
undergroundrefueling = 0
dontcreatejetways = 0
disablepaxbarriers = 0
disablepaxbarriers_deboarding = 0
parkingsystem = Marshaller
hasjetway = 0
pushback = 0
pushbacktype = 1
pushbackaddpos = [{'label': 'Facing NW on Taxi E2 (NL)', 'pos': (46.230324619041596, 14.452531883408861, -53.677342828369575), 'snap': False, 'approach': [(46.231090798684676, 14.451992627677864, 36.432992748439716), (46.230468518327285, 14.452249439469451, -53.677342828369575), None, None, None, None, None, None, None, None, None, None, None, None, None, None, None, None, None, None, None], 'wws': 0, 'startEngines': 50.0}, {'label': 'Facing SE on Taxi E3 (NR)', 'pos': (46.230932775087496, 14.451341919540743, 126.380257171631), 'snap': False, 'approach': [(46.231090796747225, 14.451992630398665, 36.43219623875515), None, None, None, None, None, None, None, None, None, None, None, None, None, None, None, None, None, None, None, None], 'wws': 0, 'startEngines': 50.0}]
pushbacklabels = Nose Right/Tail Left (LEFT)|Nose Left/Tail Right (RIGHT)
wingwalkersleftpushback = 0
wingwalkersrightpushback = 0
wingwalkersquickpushback = 0
startenginesleftpushback = 0.0
startenginesrightpushback = 0.0
startenginesquickpushback = 0.0
maxwingspan = 38.0
radiusleft = 19.0
radiusright = 15.2
gatedistancethreshold = 25.0
loadertype = 3 3 2
airlinecodes = 
type = 4
handlingtexture = 
cateringtexture = 
passengerpaththickness = 2.5
passengerpaththickness_deboarding = 2.5
walkertype = GsxJetwayPassenger
walkerpaththickness = 2.5
walkerloopstart = 0
usercustomized = 1
this_parking_pos = 46.2312616750279 14.4521751041662 36.4330571716309
pushback_pos = 46.2313972936696 14.4523185497125 -143.566942828369
baggage_train_front_pos = 46.2313065215665 14.4524583004523 -98.5669428283691
baggage_train_rear_pos = 46.2312692533214 14.4525237813372 -98.5669428283691
stairs_front_pos = 46.2315612886861 14.4521119195644 -143.566942828369
stairs_rear_pos = 46.2315806779844 14.4520697040563 -143.566942828369
parkingsystem_objectposition = 46.2314787475841 14.4524070224401 -143.566942828369 0
parkingsystem_stopposition = 46.2313618803569 14.4522820157596 36.4330571716309

