[general]
creator = dcby13

[gate 4]
nopassengerstairs = 0
nopassengerbus = 1
nopassengerbus_deboarding = 1
ignoreicaoprefixes = 0
ignorepreferredexit = 0
snapleftpushbackpos = 0
snaprightpushbackpos = 0
undergroundrefueling = 0
dontcreatejetways = 0
disablepaxbarriers = 1
disablepaxbarriers_deboarding = 0
parkingsystem = Marshaller
hasjetway = 0
pushback = 3
pushbacktype = -1
pushbackaddpos = []
pushbacklabels = Nose Right/Tail Left (LEFT)|Nose Left/Tail Right (RIGHT)
wingwalkersleftpushback = 0
wingwalkersrightpushback = 0
wingwalkersquickpushback = 0
startenginesleftpushback = 0.0
startenginesrightpushback = 0.0
startenginesquickpushback = 0.0
maxwingspan = 48.0
radiusleft = 24.0
radiusright = 19.2
gatedistancethreshold = 25.0
loadertype = 3 3 2
airlinecodes = 
type = 4
handlingtexture = 
cateringtexture = 
passengerpaththickness = 2.0
passengerpaththickness_deboarding = 2.5
walkertype = GsxJetwayPassenger
walkerpaththickness = 2.5
walkerloopstart = 0
usercustomized = 1
this_parking_pos = 49.6956326400395 18.1196158107166 175
passengerentergatepos = (49.69527443262724, 18.119913150397068, 0.0)
baggage_loader_front_pos = 49.6953655230947 18.1196005604201 -20
baggage_loader_rear_pos = 49.695378290461 18.119536351808 -5.00000000000001
baggage_train_front_pos = 49.6951075664291 18.1192449039518 25
baggage_train_rear_pos = 49.6951336463689 18.1192010114951 25
stairs_front_pos = 49.6955992407455 18.120056556656 -43.9000000000003
stairs_rear_pos = 49.6956364176772 18.1201196254577 -43.0040000000004
parkingsystem_objectposition = 49.695328982841 18.1196569047159 -5.00000000000001 0
parkingsystem_stopposition = 49.6955140806861 18.1196318633006 175
passengerwaypoints = [(49.69554455893025, 18.119967348994695, 0.0), (49.69543561021272, 18.12011021751638, 0.0), (49.695296826660915, 18.119881618725017, 0.0)]

