[general]
creator = dcby13

[gate 27]
nopassengerstairs = 1
nopassengerbus = 1
nopassengerbus_deboarding = 1
ignoreicaoprefixes = 0
ignorepreferredexit = 0
snapleftpushbackpos = 0
snaprightpushbackpos = 0
undergroundrefueling = 0
dontcreatejetways = 0
disablepaxbarriers = 0
disablepaxbarriers_deboarding = 0
parkingsystem = SafeDockT42
hasjetway = 1
pushback = 3
pushbacktype = 2
pushbackaddpos = []
pushbacklabels = Nose Right/Tail Left (LEFT)|Nose Left/Tail Right (RIGHT)
maxwingspan = 34.0
radiusleft = 17.0
radiusright = 13.6
gatedistancethreshold = 25.0
loadertype = 3 3 2
airlinecodes = 
type = 9
handlingtexture = 
cateringtexture = 
passengerpaththickness = 2.5
passengerpaththickness_deboarding = 2.5
walkertype = GsxJetwayPassenger
walkerpaththickness = 2.5
walkerloopstart = 0
usercustomized = 1
pushback_pos = 50.1049393656708 14.2655413377834 124.008312225342
baggage_loader_front_pos = 50.1046903878808 14.2656047459843 -145.991687774658
baggage_loader_rear_pos = 50.1045804732105 14.265605114927 -145.991687774658
baggage_train_front_pos = 50.1046228206073 14.2655750082298 -145.991687774658
baggage_train_rear_pos = 50.1045953212339 14.2655808961316 -145.991687774658
this_parking_pos = 50.1045938422521 14.2653091247579 34.4883122253418
parkingsystem_objectposition = 50.1049231629908 14.2656569536088 -145.991687774658 3.724
parkingsystem_stopposition = 50.1046754160186 14.2653958192884 34.7083122253418

[gate 11]
nopassengerstairs = 1
nopassengerbus = 1
nopassengerbus_deboarding = 1
ignoreicaoprefixes = 0
ignorepreferredexit = 0
snapleftpushbackpos = 0
snaprightpushbackpos = 0
undergroundrefueling = 0
dontcreatejetways = 0
disablepaxbarriers = 0
disablepaxbarriers_deboarding = 0
parkingsystem = SafeDockT42
hasjetway = 1
pushback = 0
pushbacktype = 2
pushbackaddpos = [{'snap': False, 'approach': [(50.109495070038385, 14.266211534225654, -145.66354555050097), (50.10962614220832, 14.266880148669815, -70.41711242675888), None, None, None, None, None, None, None], 'pos': (50.1102624202, 14.2660904586, -32.1371124268), 'label': u'Nose Right - Facing NW on Taxi B2'}]
pushbacklabels = Nose Right/Tail Left (LEFT)|Nose Left/Tail Right (RIGHT)
maxwingspan = 34.0
radiusleft = 17.0
radiusright = 13.6
gatedistancethreshold = 25.0
loadertype = 3 3 2
airlinecodes = 
type = 8
handlingtexture = 
cateringtexture = 
passengerpaththickness = 2.5
passengerpaththickness_deboarding = 2.5
walkertype = GsxJetwayPassenger
walkerpaththickness = 2.5
walkerloopstart = 0
usercustomized = 1
this_parking_pos = 50.109287060267 14.2659899400469 -145.657112426758
pushback_pos = 50.1090436482007 14.265730774395 34.342887573242
baggage_loader_front_pos = 50.1092384237903 14.2655910044256 34.342887573242
baggage_loader_rear_pos = 50.10925457811 14.2655549227449 34.342887573242
baggage_train_front_pos = 50.1091837040049 14.2656990973896 34.342887573242
baggage_train_rear_pos = 50.1091962462714 14.2656741604896 34.342887573242
parkingsystem_objectposition = 50.1089269871741 14.2655999478958 34.792887573242 -1.664
parkingsystem_stopposition = 50.109198043105 14.2658949950792 -145.657112426758

