[general]
creator = dcby13

[gate x 21]
nopassengerstairs = 0
nopassengerbus = 0
nopassengerbus_deboarding = 0
ignoreicaoprefixes = 0
ignorepreferredexit = 0
snapleftpushbackpos = 0
snaprightpushbackpos = 0
undergroundrefueling = 0
dontcreatejetways = 0
disablepaxbarriers = 0
disablepaxbarriers_deboarding = 0
parkingsystem = Marshaller
hasjetway = 0
pushback = 3
pushbacktype = -1
pushbackaddpos = []
pushbacklabels = Nose Right/Tail Left (LEFT)|Nose Left/Tail Right (RIGHT)
wingwalkersleftpushback = 0
wingwalkersrightpushback = 0
wingwalkersquickpushback = 0
startenginesleftpushback = 0.0
startenginesrightpushback = 0.0
startenginesquickpushback = 0.0
maxwingspan = 70.0
radiusleft = 35.0
radiusright = 27.999999999999996
gatedistancethreshold = 25.0
loadertype = 3 3 2
airlinecodes = 
type = 4
handlingtexture = 
cateringtexture = 
passengerpaththickness = 2.5
passengerpaththickness_deboarding = 2.5
walkertype = GsxJetwayPassenger
walkerpaththickness = 2.5
walkerloopstart = 0
usercustomized = 1
this_parking_pos = 35.8472213984555 14.4941633457568 -135.453842163086
baggage_loader_front_pos = 35.847388134538 14.4937312026675 134.546157836914
baggage_loader_rear_pos = 35.8476197223363 14.4938949159858 134.546157836914
baggage_loader_main_pos = 35.8469081797519 14.4944129635776 44.546157836914
baggage_train_front_pos = 35.8473370524005 14.4937160443782 134.546157836914
baggage_train_rear_pos = 35.8475624094609 14.4938751016122 134.546157836914
baggage_train_main_pos = 35.846904506372 14.4945351096379 44.546157836914
stairs_front_pos = 35.8468446071953 14.4943386321871 -45.453842163086
parkingsystem_objectposition = 35.8469030331283 14.4937779165242 44.546157836914 0
parkingsystem_stopposition = 35.8470470716089 14.4939515589425 -135.453842163086
stairs_middle_pos = 35.8468683916915 14.4943702990788 -45.453842163086
stairs_rear_pos = 35.8470013441395 14.4946288843382 -45.453842163086

