[general]
creator = dcby13

[parking 2a]
nopassengerstairs = 0
nopassengerbus = 1
nopassengerbus_deboarding = 1
ignoreicaoprefixes = 0
ignorepreferredexit = 0
snapleftpushbackpos = 0
snaprightpushbackpos = 0
undergroundrefueling = 0
dontcreatejetways = 0
disablepaxbarriers = 0
disablepaxbarriers_deboarding = 0
parkingsystem = Marshaller
hasjetway = 0
pushback = 3
pushbacktype = -1
pushbackaddpos = []
pushbacklabels = Nose Right/Tail Left (LEFT)|Nose Left/Tail Right (RIGHT)
wingwalkersleftpushback = 0
wingwalkersrightpushback = 0
wingwalkersquickpushback = 0
startenginesleftpushback = 0.0
startenginesrightpushback = 0.0
startenginesquickpushback = 0.0
maxwingspan = 24.0
radiusleft = 12.0
radiusright = 9.6
gatedistancethreshold = 25.0
loadertype = 3 3 2
airlinecodes = 
type = 3
handlingtexture = 
cateringtexture = 
passengerpaththickness = 2.5
passengerpaththickness_deboarding = 2.5
walkertype = GsxJetwayPassenger
walkerpaththickness = 2.5
walkerloopstart = 0
usercustomized = 1
this_parking_pos = 33.0703081996456 -16.3466544926263 -136.131329345704
baggage_loader_front_pos = 33.0705922628718 -16.3459589120616 -91.1313293457041
baggage_loader_rear_pos = 33.0705621958395 -16.3459624488552 -91.1313293457041
baggage_loader_main_pos = 33.070163465184 -16.3466147431571 -1.13132934570399
baggage_train_front_pos = 33.0706709855732 -16.3459555773779 178.868670654296
baggage_train_rear_pos = 33.0706802012621 -16.3459900461968 178.868670654296
stairs_front_pos = 33.0702154011021 -16.3459582673055 -91.131329345704
stairs_rear_pos = 33.070255349217 -16.3459557539182 -91.131329345704
parkingsystem_objectposition = 33.0701416978529 -16.3468444894169 43.868670654296 0
parkingsystem_stopposition = 33.0702629053131 -16.3467066058276 -136.131329345704
passengerentergatepos = (33.070142341148696, -16.345649312293947, 0.0)
passengerwaypoints = [(33.07018836518291, -16.346303277140525, 0.0), (33.070132266651896, -16.346030810701695, 0.0)]

