[general]
creator = dcby13

[jetway_rootfloor_heights]
mk_lppt_jetway_114 = 3.78

[gate 114]
nopassengerstairs = 0
nopassengerbus = 1
nopassengerbus_deboarding = 1
ignoreicaoprefixes = 0
ignorepreferredexit = 0
snapleftpushbackpos = 0
snaprightpushbackpos = 0
undergroundrefueling = 1
dontcreatejetways = 0
disablepaxbarriers = 0
disablepaxbarriers_deboarding = 0
parkingsystem = SafeDockTS24Screen
hasjetway = 1
pushback = 0
pushbacktype = 2
pushbackaddpos = [{'wws': 0, 'snap': False, 'startEngines': 46.0, 'approach': [(38.76886829386349, -9.130801521151449, 78.16257859956372), (38.768302280340215, -9.131253510026871, -11.831077575683603), None, None, None, None, None, None, None], 'pos': (38.7674321712, -9.13102057819, -11.8310775757), 'label': u'Nose Left - Facing N on Apron'}, {'wws': 0, 'snap': False, 'startEngines': 46.0, 'approach': [(38.76886810801606, -9.13080264556733, 78.16209011257449), None, None, None, None, None, None, None, None], 'pos': (38.7690884684, -9.13146611053, 168.048922424), 'label': u'Nose Right - Facing S on Taxi A2'}]
pushbacklabels = Nose Right/Tail Left (LEFT)|Nose Left/Tail Right (RIGHT)
wingwalkersleftpushback = 0
wingwalkersrightpushback = 0
wingwalkersquickpushback = 0
startenginesleftpushback = 0.0
startenginesrightpushback = 0.0
startenginesquickpushback = 0.0
maxwingspan = 42.0
radiusleft = 21.0
radiusright = 16.8
gatedistancethreshold = 25.0
loadertype = 3 3 2
airlinecodes = 
type = 9
handlingtexture = 
cateringtexture = 
passengerpaththickness = 2.5
passengerpaththickness_deboarding = 2.5
walkertype = GsxJetwayPassenger
walkerpaththickness = 2.5
walkerloopstart = 0
usercustomized = 1
this_parking_pos = 38.768899446963 -9.13061040765105 78.1689224243164
parkingsystem_objectposition = 38.768955397959 -9.13026609783843 -101.181077575685 -0.3
pushback_pos = 38.7689452205419 -9.13032287158636 -101.831077575684
baggage_loader_front_pos = 38.7687743248867 -9.13032706538172 -51.8310775756836
baggage_loader_rear_pos = 38.7687631731563 -9.13041547016881 -101.831077575684
baggage_train_front_pos = 38.7686122938562 -9.13026694142056 -11.8310775756836
baggage_train_rear_pos = 38.7686039326478 -9.13032466075527 -11.8310775756836
parkingsystem_stopposition = 38.768931539763 -9.13041408066513 78.1689224243164

