[general]
creator = dcby13

[jetway_rootfloor_heights]
lrop_new_jetway_trasp = 4.12

[gate 109]
nopassengerstairs = 0
nopassengerbus = 1
nopassengerbus_deboarding = 1
ignoreicaoprefixes = 0
ignorepreferredexit = 0
snapleftpushbackpos = 0
snaprightpushbackpos = 0
undergroundrefueling = 0
dontcreatejetways = 0
disablepaxbarriers = 0
disablepaxbarriers_deboarding = 0
parkingsystem = SafeDock3Screen
hasjetway = 1
pushback = 0
pushbacktype = 2
pushbackaddpos = [{'wws': 0, 'snap': False, 'startEngines': 63.0, 'approach': [(44.570719563210666, 26.08378482005959, -170.99791870117218), None, None, None, None, None, None, None, None], 'pos': (44.5701465246, 26.0838704701, 174.002081299), 'label': u'Nose Left - Facing S on Taxi M'}, {'wws': 0, 'snap': False, 'startEngines': 86.0, 'approach': [(44.56951919391365, 26.083036881348363, 84.00208129882793), None, None, None, None, None, None, None, None], 'pos': (44.5695222968, 26.0830776789, 84.0020812988), 'label': u'Nose Right - Facing E on Taxi K'}]
pushbacklabels = Nose Right/Tail Left (LEFT)|Nose Left/Tail Right (RIGHT)
wingwalkersleftpushback = 0
wingwalkersrightpushback = 0
wingwalkersquickpushback = 0
startenginesleftpushback = 0.0
startenginesrightpushback = 0.0
startenginesquickpushback = 0.0
maxwingspan = 65.0
radiusleft = 22.0
radiusright = 17.6
gatedistancethreshold = 25.0
loadertype = 3 3 2
airlinecodes = 
type = 9
handlingtexture = 
cateringtexture = 
passengerpaththickness = 2.5
passengerpaththickness_deboarding = 2.5
walkertype = GsxJetwayPassenger
walkerpaththickness = 2.5
walkerloopstart = 0
usercustomized = 1
this_parking_pos = 44.5703847194668 26.0825985799937 -50.757918701172
pushback_pos = 44.5705759501803 26.082271389915 129.242081298828
baggage_loader_front_pos = 44.5707180222673 26.0823801896339 129.242081298828
baggage_loader_rear_pos = 44.5707566284075 26.082418305222 129.242081298828
baggage_train_front_pos = 44.5706593084437 26.0823195791793 129.242081298828
baggage_train_rear_pos = 44.5706809530594 26.0823453898141 129.242081298828
parkingsystem_objectposition = 44.5706140815773 26.0821790547259 129.242081298828 -0.668
parkingsystem_stopposition = 44.570495590676 26.0824076971099 -50.757918701172

