[general]
creator = dcby13

[jetway_rootfloor_heights]
jetway_a = 4.6
jetway_b = 5.2
jetway_d43 = 5.2
jetway_e = 5.4

[gate a 15]
nopassengerstairs = 0
nopassengerbus = 1
nopassengerbus_deboarding = 1
ignoreicaoprefixes = 0
ignorepreferredexit = 0
snapleftpushbackpos = 0
snaprightpushbackpos = 0
undergroundrefueling = 1
dontcreatejetways = 0
disablepaxbarriers = 0
disablepaxbarriers_deboarding = 0
parkingsystem = SafeDockT42Screen
hasjetway = 1
pushback = 0
pushbacktype = 2
pushbackaddpos = [{'wws': 0, 'startEngines': 34.0, 'pos': (47.4551842442, 8.55609262475, 96.0136212158), 'label': u'Nose Left - Facing E on Taxi INNER', 'snap': False, 'approach': [(47.45461737435661, 8.556956346346938, -173.98706878180536), (47.455148901714324, 8.556587757728192, 96.01362121582008), None, None, None, None, None, None, None]}, {'wws': 0, 'startEngines': 34.0, 'pos': (47.4550881906, 8.55743694451, -83.986378784), 'label': u'Nose Right - Facing W on Taxi INNER', 'snap': False, 'approach': [(47.45461739137372, 8.556956108182371, -533.9856887865542), (47.45508515697785, 8.557479902823474, -443.9863787841797), None, None, None, None, None, None, None]}]
pushbacklabels = Nose Right/Tail Left (LEFT)|Nose Left/Tail Right (RIGHT)
wingwalkersleftpushback = 0
wingwalkersrightpushback = 0
wingwalkersquickpushback = 0
startenginesleftpushback = 0.0
startenginesrightpushback = 0.0
startenginesquickpushback = 0.0
maxwingspan = 40.0
radiusleft = 20.0
radiusright = 16.0
gatedistancethreshold = 25.0
loadertype = 3 3 2
airlinecodes = 
type = 9
handlingtexture = 
cateringtexture = 
passengerpaththickness = 2.5
passengerpaththickness_deboarding = 2.5
walkertype = GsxJetwayPassenger
walkerpaththickness = 2.5
walkerloopstart = 0
usercustomized = 1
this_parking_pos = 47.4543849814767 8.55692013164857 -173.98637878418
pushback_pos = 47.4540876079094 8.55687883015046 6.0136212158202
baggage_loader_front_pos = 47.4540819694849 8.55676236927006 6.01362121582022
baggage_loader_rear_pos = 47.4541115606102 8.55672838533868 6.01362121582022
baggage_train_front_pos = 47.454156367439 8.55684301770321 6.01362121582022
baggage_train_rear_pos = 47.4541590914843 8.55680743779337 6.01362121582022
parkingsystem_objectposition = 47.4540461471295 8.55688135242314 6.01362121582022 0.284
parkingsystem_stopposition = 47.4542417771899 8.55689781400887 -173.98637878418

[gate e 42]
nopassengerstairs = 0
nopassengerbus = 1
nopassengerbus_deboarding = 1
ignoreicaoprefixes = 0
ignorepreferredexit = 0
snapleftpushbackpos = 0
snaprightpushbackpos = 0
undergroundrefueling = 1
dontcreatejetways = 0
disablepaxbarriers = 0
disablepaxbarriers_deboarding = 0
parkingsystem = SafeDockTS24Screen
hasjetway = 1
pushback = 3
pushbacktype = 2
pushbackaddpos = []
pushbacklabels = Nose Right/Tail Left (LEFT)|Nose Left/Tail Right (RIGHT)
wingwalkersleftpushback = 0
wingwalkersrightpushback = 0
wingwalkersquickpushback = 0
startenginesleftpushback = 0.0
startenginesrightpushback = 0.0
startenginesquickpushback = 0.0
maxwingspan = 68.0
radiusleft = 34.0
radiusright = 27.2
gatedistancethreshold = 25.0
loadertype = 3 3 2
airlinecodes = 
type = 10
handlingtexture = 
cateringtexture = 
passengerpaththickness = 2.5
passengerpaththickness_deboarding = 2.5
walkertype = GsxJetwayPassenger
walkerpaththickness = 2.5
walkerloopstart = 0
usercustomized = 1
this_parking_pos = 47.4604477545813 8.55527850200916 5.97500005722046
pushback_pos = 47.4608232774813 8.55533735123011 -174.02499994278
baggage_loader_front_pos = 47.4606793547944 8.55561353619301 -124.02499994278
baggage_loader_rear_pos = 47.4605834966521 8.55563487672455 -174.02499994278
baggage_train_front_pos = 47.4607575531545 8.55546124080336 155.97500005722
baggage_train_rear_pos = 47.4606936878758 8.55587371811412 170.97500005722
parkingsystem_objectposition = 47.4609831488378 8.55535338597363 -174.02499994278 0.984
parkingsystem_stopposition = 47.4607239015737 8.55532127529406 5.97500005722046

