[general]
creator = dcby13

[jetway_rootfloor_heights]
scenerytr_jetwaym = 5.22

[gate b 6]
nopassengerstairs = 0
nopassengerbus = 1
nopassengerbus_deboarding = 1
ignoreicaoprefixes = 0
ignorepreferredexit = 0
snapleftpushbackpos = 0
snaprightpushbackpos = 0
undergroundrefueling = 1
dontcreatejetways = 0
disablepaxbarriers = 0
disablepaxbarriers_deboarding = 0
parkingsystem = SafeDock3Screen
hasjetway = 1
pushback = 0
pushbacktype = 2
pushbackaddpos = [{'wws': 0, 'snap': False, 'startEngines': 51.0, 'approach': [(41.2650530381447, 28.73825770288695, -109.0951829079347), (41.26581610202094, 28.738791013472454, 179.02503417968697), None, None, None, None, None, None, None], 'pos': (41.2662454818, 28.7387813196, 179.02503418), 'label': u'Nose Left - Facing S on Taxi T3'}, {'wws': 0, 'snap': False, 'startEngines': 51.0, 'approach': [(41.265053037939175, 28.738257702908232, 250.9048705292973), (41.26475250530214, 28.739095939271746, -19.09496582031305), None, None, None, None, None, None, None], 'pos': (41.2647806403, 28.7390832091, -19.0949658203), 'label': u'Nose Right - Facing N on Taxi T5'}]
pushbacklabels = Nose Right/Tail Left (LEFT)|Nose Left/Tail Right (RIGHT)
wingwalkersleftpushback = 0
wingwalkersrightpushback = 0
wingwalkersquickpushback = 0
startenginesleftpushback = 0.0
startenginesrightpushback = 0.0
startenginesquickpushback = 0.0
maxwingspan = 68.0
radiusleft = 30.0
radiusright = 24.0
gatedistancethreshold = 25.0
loadertype = 3 3 2
airlinecodes = 
type = 10
handlingtexture = 
cateringtexture = 
passengerpaththickness = 2.5
passengerpaththickness_deboarding = 2.5
walkertype = GsxJetwayPassenger
walkerpaththickness = 2.5
walkerloopstart = 0
usercustomized = 1
this_parking_pos = 41.2649619905631 28.7379079949835 -109.094965820313
parkingsystem_objectposition = 41.2646646079757 28.7369842354672 71.055034179687 0.847999999999999
parkingsystem_stopposition = 41.2648815529486 28.7375986868892 -109.094965820313
pushback_pos = 41.2648892614468 28.7373377264115 70.905034179687
baggage_loader_front_pos = 41.2650129681329 28.7373845212115 70.905034179687
baggage_loader_rear_pos = 41.265052632074 28.7373612713687 70.905034179687
baggage_train_front_pos = 41.2649561232525 28.7374295450917 70.905034179687
baggage_train_rear_pos = 41.2649808643355 28.7374257707818 70.905034179687

