[general]
creator = dcby13

[gate 3]
nopassengerstairs = 0
nopassengerbus = 0
nopassengerbus_deboarding = 0
ignoreicaoprefixes = 0
ignorepreferredexit = 0
snapleftpushbackpos = 0
snaprightpushbackpos = 0
undergroundrefueling = 0
dontcreatejetways = 0
disablepaxbarriers = 0
disablepaxbarriers_deboarding = 0
parkingsystem = Marshaller
hasjetway = 0
pushback = 3
pushbacktype = -1
pushbackaddpos = []
pushbacklabels = Nose Right/Tail Left (LEFT)|Nose Left/Tail Right (RIGHT)
wingwalkersleftpushback = 0
wingwalkersrightpushback = 0
wingwalkersquickpushback = 0
startenginesleftpushback = 0.0
startenginesrightpushback = 0.0
startenginesquickpushback = 0.0
maxwingspan = 44.0
radiusleft = 24.0
radiusright = 19.2
gatedistancethreshold = 25.0
loadertype = 3 3 2
airlinecodes = 
type = 4
handlingtexture = 
cateringtexture = 
passengerpaththickness = 2.5
passengerpaththickness_deboarding = 2.5
walkertype = GsxJetwayPassenger
walkerpaththickness = 2.5
walkerloopstart = 0
usercustomized = 1
this_parking_pos = 46.9335976614192 28.9367089436914 8.06259380340576
baggage_loader_front_pos = 46.9337229901197 28.9371150153702 -111.937406196594
baggage_loader_rear_pos = 46.9334843875547 28.9370823492016 -81.9374061965943
baggage_train_front_pos = 46.9343823548013 28.9368275327336 97.2625938034058
baggage_train_rear_pos = 46.9343936753911 28.9370181247197 98.0625938034057
stairs_front_pos = 46.9337690499156 28.9362309963681 128.062593803406
stairs_rear_pos = 46.9337052429116 28.9362434474321 158.062593803406
parkingsystem_objectposition = 46.9338679775485 28.9367650856647 -171.937406196594 0
parkingsystem_stopposition = 46.9337310619031 28.9367366362739 8.06259380340576

