[general]
creator = dcby13

[jetway_rootfloor_heights]
lybe_jwa2 = 4.30

[parking 2a]
nopassengerstairs = 0
nopassengerbus = 1
nopassengerbus_deboarding = 1
ignoreicaoprefixes = 0
ignorepreferredexit = 0
snapleftpushbackpos = 0
snaprightpushbackpos = 0
undergroundrefueling = 1
dontcreatejetways = 0
disablepaxbarriers = 0
disablepaxbarriers_deboarding = 0
parkingsystem = SafeDockTS24LSupport
hasjetway = 1
pushback = 0
pushbacktype = 1
pushbackaddpos = [{'label': 'Facing NE on Taxi G (NR)', 'pos': (44.81935527006905, 20.293831037656215, 31.98176455078078), 'snap': False, 'approach': [(44.82006790616991, 20.29366148966608, -57.91876295738239), (44.81940870625188, 20.293878191267748, 31.98176455078078), None, None, None, None, None, None, None, None, None, None, None, None, None, None, None, None, None, None, None], 'wws': 0, 'startEngines': 34.0}]
pushbacklabels = Nose Right/Tail Left (LEFT)|Nose Left/Tail Right (RIGHT)
wingwalkersleftpushback = 0
wingwalkersrightpushback = 0
wingwalkersquickpushback = 0
startenginesleftpushback = 0.0
startenginesrightpushback = 0.0
startenginesquickpushback = 0.0
maxwingspan = 44.0
radiusleft = 22.0
radiusright = 17.6
gatedistancethreshold = 25.0
loadertype = 3 3 2
airlinecodes = 
type = 9
handlingtexture = 
cateringtexture = 
passengerpaththickness = 2.0
passengerpaththickness_deboarding = 2.5
walkertype = GsxJetwayPassenger
walkerpaththickness = 2.5
walkerloopstart = 0
usercustomized = 1
this_parking_pos = 44.8200975379443 20.293594030321 -57.9174354492192
parkingsystem_objectposition = 44.8202720641464 20.2932014200543 122.082564550781 0.592
pushback_pos = 44.8202155923157 20.2933294323813 122.082564550781
baggage_train_front_pos = 44.8204178344449 20.2929247007374 122.082564550781
baggage_train_rear_pos = 44.8203865078091 20.2930463309546 122.082564550781
parkingsystem_stopposition = 44.8201782690478 20.293412578928 -57.9174354492192
baggage_loader_front_pos = 44.8203203719143 20.2933802348396 122.082564550781
baggage_loader_rear_pos = 44.8203468158228 20.2934366537797 122.082564550781
passengerentergatepos = (44.82011598824627, 20.292989161977605, 4.280000000000005)
passengerwaypoints = [(44.81998729035323, 20.293249038497226, 4.280000000000005)]

