[general]
creator = dcby13

[gate 5]
nopassengerstairs = 0
nopassengerbus = 0
nopassengerbus_deboarding = 0
ignoreicaoprefixes = 0
ignorepreferredexit = 0
snapleftpushbackpos = 0
snaprightpushbackpos = 0
undergroundrefueling = 0
dontcreatejetways = 0
disablepaxbarriers = 0
disablepaxbarriers_deboarding = 0
parkingsystem = Marshaller
hasjetway = 0
pushback = 3
pushbacktype = -1
pushbackaddpos = []
pushbacklabels = Nose Right/Tail Left (LEFT)|Nose Left/Tail Right (RIGHT)
wingwalkersleftpushback = 0
wingwalkersrightpushback = 0
wingwalkersquickpushback = 0
startenginesleftpushback = 0.0
startenginesrightpushback = 0.0
startenginesquickpushback = 0.0
maxwingspan = 36.0
radiusleft = 16.0
radiusright = 12.8
gatedistancethreshold = 25.0
loadertype = 3 3 2
airlinecodes = 
type = 3
handlingtexture = 
cateringtexture = 
passengerpaththickness = 2.5
passengerpaththickness_deboarding = 2.5
walkertype = GsxJetwayPassenger
walkerpaththickness = 2.5
walkerloopstart = 0
usercustomized = 1
this_parking_pos = 48.672653038877 21.2387259817417 13.0103247451782
baggage_train_front_pos = 48.6723956302565 21.2375676898842 33.7123247451782
baggage_train_rear_pos = 48.6723794806969 21.2376174377533 32.6003247451782
parkingsystem_objectposition = 48.6728999628357 21.2388124755558 -166.989675254822 0
parkingsystem_stopposition = 48.6727400614722 21.2387564873756 13.0103247451782
baggage_loader_front_pos = 48.6724964876944 21.2375687409436 73.0103247451782
baggage_loader_rear_pos = 48.6724470764617 21.2376457821977 73.0103247451782
stairs_front_pos = 48.6726261477151 21.2377545947131 103.010324745178
stairs_rear_pos = 48.6725722106433 21.2376860707475 103.010324745178

