[general]
creator = dcby13

[parking 45]
nopassengerstairs = 1
nopassengerbus = 1
nopassengerbus_deboarding = 1
ignoreicaoprefixes = 0
ignorepreferredexit = 0
snapleftpushbackpos = 0
snaprightpushbackpos = 0
undergroundrefueling = 1
dontcreatejetways = 0
disablepaxbarriers = 0
disablepaxbarriers_deboarding = 0
parkingsystem = Marshaller
hasjetway = 1
pushback = 0
pushbacktype = 1
pushbackaddpos = [{'snap': False, 'approach': [(21.037214078578774, -86.86653930159572, 303.72654326747227), (21.03705724944699, -86.86587728675356, -146.15714355468796), None, None, None, None, None, None, None], 'pos': (21.0370704264, -86.8658674995, -146.157143555), 'label': u'Nose Left - Facing SW on Taxi B4'}]
pushbacklabels = Nose Right/Tail Left (LEFT)|Nose Left/Tail Right (RIGHT)
maxwingspan = 44.0
radiusleft = 22.0
radiusright = 17.6
gatedistancethreshold = 25.0
loadertype = 3 3 2
airlinecodes = 
type = 9
handlingtexture = 
cateringtexture = 
passengerpaththickness = 2.5
passengerpaththickness_deboarding = 2.5
walkertype = GsxJetwayPassenger
walkerpaththickness = 2.5
walkerloopstart = 0
usercustomized = 1
this_parking_pos = 21.037329164757 -86.8667239842384 -56.2771435546876
pushback_pos = 21.0374778709589 -86.8670184685818 123.722856445312
baggage_loader_front_pos = 21.0375607875507 -86.8668809366202 86.5228564453125
baggage_loader_rear_pos = 21.0375641445516 -86.8668021663664 93.7228564453124
baggage_train_front_pos = 21.0375513257923 -86.8669391767852 123.722856445312
baggage_train_rear_pos = 21.037615441286 -86.866757298888 87.1228564453125

