[general]
creator = dcby13

[jetway_rootfloor_heights]
kado_tokusima_jetway = 5.15

[gate 26]
nopassengerstairs = 0
nopassengerbus = 1
nopassengerbus_deboarding = 1
ignoreicaoprefixes = 0
ignorepreferredexit = 0
snapleftpushbackpos = 0
snaprightpushbackpos = 0
undergroundrefueling = 1
dontcreatejetways = 0
disablepaxbarriers = 0
disablepaxbarriers_deboarding = 0
parkingsystem = SafeDockT42Ground2
hasjetway = 1
pushback = 0
pushbacktype = 1
pushbackaddpos = [{'snap': False, 'approach': [None, None, None, None, None, None, None, None, None], 'pos': (29.236893113, 47.9711523886, 154.975863495), 'label': u'Nose Right - Facing SE on Taxi W16'}]
pushbacklabels = Nose Right/Tail Left (LEFT)|Nose Left/Tail Right (RIGHT)
maxwingspan = 61.0
radiusleft = 30.5
radiusright = 24.4
gatedistancethreshold = 25.0
loadertype = 3 3 2
airlinecodes = 
type = 10
handlingtexture = 
cateringtexture = 
passengerpaththickness = 2.5
passengerpaththickness_deboarding = 2.5
walkertype = GsxJetwayPassenger
walkerpaththickness = 2.5
walkerloopstart = 0
usercustomized = 1
this_parking_pos = 29.2371226018904 47.9720290731557 26.575863494873
pushback_pos = 29.2374509761736 47.9722101873072 161.575863494873
baggage_loader_front_pos = 29.2370194045585 47.9724074412047 -18.7241365051271
baggage_loader_rear_pos = 29.2368292628635 47.9723720417567 -114.224136505127
baggage_train_front_pos = 29.2369540614482 47.9724382241931 37.9758634948729
baggage_train_rear_pos = 29.2367752845185 47.9723486825039 -119.624136505128
parkingsystem_objectposition = 29.2375964796396 47.9723007025413 -153.424136505127 0

