[general]
creator = dcby13

[jetway_rootfloor_heights]
omaa_jetway_02 = 6.30

[gate 630]
nopassengerstairs = 0
nopassengerbus = 1
nopassengerbus_deboarding = 1
ignoreicaoprefixes = 0
ignorepreferredexit = 0
snapleftpushbackpos = 0
snaprightpushbackpos = 0
undergroundrefueling = 1
dontcreatejetways = 0
disablepaxbarriers = 0
disablepaxbarriers_deboarding = 0
parkingsystem = SafeDockT42Screen
hasjetway = 1
pushback = 0
pushbacktype = 2
pushbackaddpos = [{'wws': 0, 'startEngines': 70.0, 'pos': (24.4483098256, 54.6478758264, 127.807704926), 'label': u'Nose Right - Facing SE on Taxi L1', 'snap': False, 'approach': [(24.449494759871456, 54.64711909170747, 25.68824749547555), (24.44908278855354, 54.646276575865336, 75.60770492553748), None, None, None, None, None, None, None]}]
pushbacklabels = Nose Right/Tail Left (LEFT)|Nose Left/Tail Right (RIGHT)
wingwalkersleftpushback = 0
wingwalkersrightpushback = 0
wingwalkersquickpushback = 0
startenginesleftpushback = 0.0
startenginesrightpushback = 0.0
startenginesquickpushback = 0.0
maxwingspan = 90.0
radiusleft = 45.0
radiusright = 36.0
gatedistancethreshold = 25.0
loadertype = 3 3 2
airlinecodes = 
type = 15
handlingtexture = 
cateringtexture = 
passengerpaththickness = 2.5
passengerpaththickness_deboarding = 2.5
walkertype = GsxJetwayPassenger
walkerpaththickness = 2.5
walkerloopstart = 0
usercustomized = 1
this_parking_pos = 24.4497557937452 54.6472567383322 25.6877049255371
parkingsystem_objectposition = 24.4502002623822 54.6474916991298 -153.492295074464 0.18
parkingsystem_stopposition = 24.450081548509 54.6474288435468 25.6877049255371
pushback_pos = 24.4502057710062 54.6474955580465 -154.312295074463
baggage_loader_front_pos = 24.4499126231 54.6476767380314 -64.312295074463
baggage_loader_rear_pos = 24.4497015939649 54.6477532259406 -124.312295074463
baggage_train_front_pos = 24.450080790048 54.6475873100379 -154.312295074463
baggage_train_rear_pos = 24.4500451911565 54.6476375509936 -154.312295074463

