[general]
creator = dcby13

[jetway_rootfloor_heights]
01_kado_osaka_jetway_M1 = 5.00

[gate 15]
nopassengerstairs = 0
nopassengerbus = 1
nopassengerbus_deboarding = 1
ignoreicaoprefixes = 0
ignorepreferredexit = 0
snapleftpushbackpos = 0
snaprightpushbackpos = 0
undergroundrefueling = 1
dontcreatejetways = 0
disablepaxbarriers = 0
disablepaxbarriers_deboarding = 0
parkingsystem = Marshaller
hasjetway = 1
pushback = 0
pushbacktype = 1
pushbackaddpos = [{'snap': False, 'approach': [(34.78989723557917, 135.43920379451447, 53.354772378718565), (34.789026301192244, 135.4393243933138, -44.91999389648495), None, None, None, None, None, None, None], 'pos': (34.7886243074, 135.439810724, -44.9199938965), 'label': u'Nose Left - Facing NW on Taxi E3'}, {'snap': False, 'approach': [(34.78986980252309, 135.43915908336058, 53.35455142584855), (34.78976241243496, 135.43843806260918, 135.20000610351562), None, None, None, None, None, None, None], 'pos': (34.789708558, 135.438502469, 135.200006104), 'label': u'Nose Right - Facing SE on Taxi E5'}]
pushbacklabels = Nose Right/Tail Left (LEFT)|Nose Left/Tail Right (RIGHT)
maxwingspan = 80.0
radiusleft = 32.0
radiusright = 25.6
gatedistancethreshold = 25.0
loadertype = 3 3 2
airlinecodes = 
type = 10
handlingtexture = 
cateringtexture = 
passengerpaththickness = 2.5
passengerpaththickness_deboarding = 2.5
walkertype = GsxJetwayPassenger
walkerpaththickness = 2.5
walkerloopstart = 0
usercustomized = 1
this_parking_pos = 34.7900579240617 135.439467751517 53.3600061035156
pushback_pos = 34.7904101465663 135.439783262737 -171.639993896484
baggage_loader_front_pos = 34.7901750805655 135.439988251186 -126.639993896484
baggage_loader_rear_pos = 34.7900921330022 135.439993311035 -126.639993896484
baggage_train_front_pos = 34.7902889689342 135.439938412249 -126.639993896484
baggage_train_rear_pos = 34.7902516468551 135.439972059151 -126.639993896484
parkingsystem_objectposition = 34.7902743883528 135.43982189242 -126.639993896484 0

