[general]
creator = dcby13

[gate 10]
nopassengerstairs = 0
nopassengerbus = 1
nopassengerbus_deboarding = 1
ignoreicaoprefixes = 0
ignorepreferredexit = 0
snapleftpushbackpos = 0
snaprightpushbackpos = 0
undergroundrefueling = 1
dontcreatejetways = 0
disablepaxbarriers = 0
disablepaxbarriers_deboarding = 0
parkingsystem = SafeDockT42
hasjetway = 1
pushback = 0
pushbacktype = 1
pushbackaddpos = [{'snap': False, 'approach': [(37.45174747761648, 126.45433502514759, -177.34656092296555), (37.45259868228693, 126.45378439164227, 163.57613830566402), None, None, None, None, None, None, None], 'pos': (37.4527195522, 126.453739538, 163.576138306), 'label': u'Nose Left - Facing S on Apron'}, {'snap': False, 'approach': [(37.451701578271454, 126.45433235110455, -177.34725776860125), (37.45225113434736, 126.45509607018117, -82.06386169433623), None, None, None, None, None, None, None], 'pos': (37.4522489132, 126.455116627, -82.0638616943), 'label': u'Nose Right - Facing W on Apron'}]
pushbacklabels = Nose Right/Tail Left (LEFT)|Nose Left/Tail Right (RIGHT)
maxwingspan = 80.0
radiusleft = 40.0
radiusright = 32.0
gatedistancethreshold = 25.0
loadertype = 3 3 2
airlinecodes = 
type = 15
handlingtexture = 
cateringtexture = 
passengerpaththickness = 2.5
passengerpaththickness_deboarding = 2.5
walkertype = GsxJetwayPassenger
walkerpaththickness = 2.5
walkerloopstart = 0
usercustomized = 1
this_parking_pos = 37.4514572191061 126.454317664374 -177.343861694336
pushback_pos = 37.4510588294358 126.454311964989 -42.3438616943363
parkingsystem_objectposition = 37.4508307363903 126.45428223257 2.6561383056638 3.316
baggage_loader_front_pos = 37.4511825812367 126.454017398206 90.256138305664
baggage_loader_rear_pos = 37.4513144080638 126.453850911072 44.856138305664
baggage_train_front_pos = 37.4511016454306 126.454152156754 2.656138305664
baggage_train_rear_pos = 37.4513000199318 126.453926474985 47.656138305664

